# IMAGE_ID, QW, QX, QY, QZ, TX, TY, TZ, CAMERA_ID, NAME
1 0.9238795386 -0.3826834177 0.0000000000 0.0000000000 0.0000000000 0.0000000000 -2.7999999523 1 0001.png
96.000 96.000 1
2 0.9219014404 -0.3818640668 -0.0604246068 0.0250286927 0.0000000000 0.0000002384 -2.8000001907 1 0002.png
96.000 96.000 1
3 0.9159756184 -0.3794095175 -0.1205904695 0.0499502062 -0.0000000596 0.0000001192 -2.7999999523 1 0003.png
96.000 96.000 1
4 0.9061274456 -0.3753302693 -0.1802399735 0.0746578409 0.0000001192 -0.0000001192 -2.7999999523 1 0004.png
96.000 96.000 1
5 0.8923991010 -0.3696438072 -0.2391176210 0.0990457655 0.0000000596 0.0000000000 -2.7999999523 1 0005.png
96.000 96.000 1
6 0.8748493679 -0.3623744560 -0.2969713508 0.1230095687 0.0000000596 0.0000001192 -2.7999997139 1 0006.png
96.000 96.000 1
7 0.8535533919 -0.3535533731 -0.3535534080 0.1464466021 0.0000000000 0.0000001192 -2.7999999523 1 0007.png
96.000 96.000 1
8 0.8286023907 -0.3432183135 -0.4086214525 0.1692565389 -0.0000000596 0.0000001192 -2.7999999523 1 0008.png
96.000 96.000 1
9 0.8001031553 -0.3314135540 -0.4619397614 0.1913417202 -0.0000000596 0.0000000000 -2.7999997139 1 0009.png
96.000 96.000 1
10 0.7681777457 -0.3181896552 -0.5132799756 0.2126075282 -0.0000001192 -0.0000000745 -2.7999997139 1 0010.png
96.000 96.000 1
11 0.7329629192 -0.3036031637 -0.5624222298 0.2329629014 0.0000000596 0.0000001043 -2.7999999523 1 0011.png
96.000 96.000 1
12 0.6946094266 -0.2877166235 -0.6091560951 0.2523207104 0.0000000000 0.0000001900 -2.8000001907 1 0012.png
96.000 96.000 1
13 0.6532814737 -0.2705980437 -0.6532814965 0.2705980437 -0.0000000000 -0.0000000000 -2.7999999523 1 0013.png
96.000 96.000 1
14 0.6091561341 -0.2523207106 -0.6946093920 0.2877166241 0.0000000000 0.0000001900 -2.8000001907 1 0014.png
96.000 96.000 1
15 0.5624222324 -0.2329629228 -0.7329629117 0.3036031605 -0.0000000596 0.0000001043 -2.7999999523 1 0015.png
96.000 96.000 1
16 0.5132799313 -0.2126075005 -0.7681777821 0.3181896572 0.0000001192 -0.0000000745 -2.7999997139 1 0016.png
96.000 96.000 1
17 -0.4619397850 0.1913417292 0.8001031332 -0.3314135693 0.0000000596 0.0000000000 -2.7999997139 1 0017.png
96.000 96.000 1
18 -0.4086214619 0.1692565538 0.8286023770 -0.3432183280 0.0000000596 0.0000001192 -2.7999999523 1 0018.png
96.000 96.000 1
19 -0.3535533831 0.1464465999 0.8535534108 -0.3535533533 0.0000000000 0.0000001192 -2.7999999523 1 0019.png
96.000 96.000 1
20 -0.2969713481 0.1230095688 0.8748493707 -0.3623744513 -0.0000000596 0.0000001192 -2.7999997139 1 0020.png
96.000 96.000 1
21 -0.2391176157 0.0990457582 0.8923991074 -0.3696437971 -0.0000000596 0.0000000000 -2.7999999523 1 0021.png
96.000 96.000 1
22 -0.1802399742 0.0746578420 0.9061274465 -0.3753302667 -0.0000001192 -0.0000001192 -2.7999999523 1 0022.png
96.000 96.000 1
23 -0.1205904632 0.0499502048 0.9159756300 -0.3794094919 0.0000000596 0.0000001192 -2.7999999523 1 0023.png
96.000 96.000 1
24 -0.0604246058 0.0250286920 0.9219014426 -0.3818640618 0.0000000000 0.0000002384 -2.8000001907 1 0024.png
96.000 96.000 1
25 -0.0000000000 0.0000000000 0.9238795393 -0.3826834160 -0.0000000000 0.0000000000 -2.7999999523 1 0025.png
96.000 96.000 1
26 0.0604246058 -0.0250286920 0.9219014426 -0.3818640618 0.0000000000 0.0000002384 -2.8000001907 1 0026.png
96.000 96.000 1
27 0.1205904632 -0.0499502048 0.9159756300 -0.3794094919 -0.0000000596 0.0000001192 -2.7999999523 1 0027.png
96.000 96.000 1
28 0.1802399742 -0.0746578420 0.9061274465 -0.3753302667 0.0000001192 -0.0000001192 -2.7999999523 1 0028.png
96.000 96.000 1
29 0.2391176157 -0.0990457582 0.8923991074 -0.3696437971 0.0000000596 0.0000000000 -2.7999999523 1 0029.png
96.000 96.000 1
30 0.2969713481 -0.1230095688 0.8748493707 -0.3623744513 0.0000000596 0.0000001192 -2.7999997139 1 0030.png
96.000 96.000 1
31 0.3535533831 -0.1464465999 0.8535534108 -0.3535533533 0.0000000000 0.0000001192 -2.7999999523 1 0031.png
96.000 96.000 1
32 0.4086214619 -0.1692565538 0.8286023770 -0.3432183280 -0.0000000596 0.0000001192 -2.7999999523 1 0032.png
96.000 96.000 1
33 0.4619397850 -0.1913417292 0.8001031332 -0.3314135693 -0.0000000596 0.0000000000 -2.7999997139 1 0033.png
96.000 96.000 1
34 0.5132799313 -0.2126075005 0.7681777821 -0.3181896572 -0.0000001192 -0.0000000745 -2.7999997139 1 0034.png
96.000 96.000 1
35 0.5624222324 -0.2329629228 0.7329629117 -0.3036031605 0.0000000596 0.0000001043 -2.7999999523 1 0035.png
96.000 96.000 1
36 0.6091561341 -0.2523207106 0.6946093920 -0.2877166241 0.0000000000 0.0000001900 -2.8000001907 1 0036.png
96.000 96.000 1
37 0.6532814737 -0.2705980437 0.6532814965 -0.2705980437 0.0000000000 -0.0000000000 -2.7999999523 1 0037.png
96.000 96.000 1
38 0.6946094266 -0.2877166235 0.6091560951 -0.2523207104 0.0000000000 0.0000001900 -2.8000001907 1 0038.png
96.000 96.000 1
39 0.7329629192 -0.3036031637 0.5624222298 -0.2329629014 -0.0000000596 0.0000001043 -2.7999999523 1 0039.png
96.000 96.000 1
40 0.7681777457 -0.3181896552 0.5132799756 -0.2126075282 0.0000001192 -0.0000000745 -2.7999997139 1 0040.png
96.000 96.000 1
41 0.8001031553 -0.3314135540 0.4619397614 -0.1913417202 0.0000000596 0.0000000000 -2.7999997139 1 0041.png
96.000 96.000 1
42 0.8286023907 -0.3432183135 0.4086214525 -0.1692565389 0.0000000596 0.0000001192 -2.7999999523 1 0042.png
96.000 96.000 1
43 0.8535533919 -0.3535533731 0.3535534080 -0.1464466021 0.0000000000 0.0000001192 -2.7999999523 1 0043.png
96.000 96.000 1
44 0.8748493679 -0.3623744560 0.2969713508 -0.1230095687 -0.0000000596 0.0000001192 -2.7999997139 1 0044.png
96.000 96.000 1
45 0.8923991010 -0.3696438072 0.2391176210 -0.0990457655 -0.0000000596 0.0000000000 -2.7999999523 1 0045.png
96.000 96.000 1
46 0.9061274456 -0.3753302693 0.1802399735 -0.0746578409 -0.0000001192 -0.0000001192 -2.7999999523 1 0046.png
96.000 96.000 1
47 0.9159756184 -0.3794095175 0.1205904695 -0.0499502062 0.0000000596 0.0000001192 -2.7999999523 1 0047.png
96.000 96.000 1
48 0.9219014404 -0.3818640668 0.0604246068 -0.0250286927 0.0000000000 0.0000002384 -2.8000001907 1 0048.png
96.000 96.000 1
49 0.9659258317 -0.2588190250 0.0000000000 0.0000000000 0.0000000000 0.0000000000 -2.8000001907 1 0049.png
96.000 96.000 1
50 0.9638577050 -0.2582648944 -0.0631745681 0.0169275749 -0.0000000298 0.0000000000 -2.7999999523 1 0050.png
96.000 96.000 1
51 0.9576621987 -0.2566048107 -0.1260786108 0.0337826622 -0.0000000596 0.0000001192 -2.7999999523 1 0051.png
96.000 96.000 1
52 0.9473658309 -0.2538459099 -0.1884427878 0.0504930908 0.0000000000 0.0000000000 -2.7999997139 1 0052.png
96.000 96.000 1
53 0.9330126980 -0.2499999985 -0.2500000145 0.0669873041 0.0000000000 0.0000000000 -2.7999999523 1 0053.png
96.000 96.000 1
54 0.9146642626 -0.2450835442 -0.3104867030 0.0831946539 0.0000000000 0.0000000596 -2.8000001907 1 0054.png
96.000 96.000 1
55 0.8923991010 -0.2391176210 -0.3696438072 0.0990457655 0.0000000000 -0.0000001192 -2.7999999523 1 0055.png
96.000 96.000 1
56 0.8663125545 -0.2321277382 -0.4272180537 0.1144727292 0.0000000000 0.0000000894 -2.8000001907 1 0056.png
96.000 96.000 1
57 0.8365163036 -0.2241438627 -0.4829629148 0.1294095261 0.0000000000 0.0000000000 -2.7999999523 1 0057.png
96.000 96.000 1
58 0.8031379682 -0.2152001792 -0.5366396379 0.1437921620 0.0000000000 0.0000000298 -2.7999997139 1 0058.png
96.000 96.000 1
59 0.7663204821 -0.2053349553 -0.5880183837 0.1575590530 0.0000000596 0.0000001043 -2.7999999523 1 0059.png
96.000 96.000 1
60 0.7262214968 -0.1945904683 -0.6368791378 0.1706512556 0.0000000298 -0.0000000205 -2.7999999523 1 0060.png
96.000 96.000 1
61 0.6830126941 -0.1830126904 -0.6830127159 0.1830126904 0.0000000000 -0.0000000000 -2.8000001907 1 0061.png
96.000 96.000 1
62 0.6368791535 -0.1706512654 -0.7262214816 0.1945904652 -0.0000000298 -0.0000000205 -2.7999999523 1 0062.png
96.000 96.000 1
63 0.5880184038 -0.1575590442 -0.7663204691 0.2053349534 -0.0000000596 0.0000001043 -2.7999999523 1 0063.png
96.000 96.000 1
64 0.5366396371 -0.1437921735 -0.8031379675 0.2152001763 0.0000000000 0.0000000298 -2.7999997139 1 0064.png
96.000 96.000 1
65 -0.4829629017 0.1294095206 0.8365163126 -0.2241438606 0.0000000000 0.0000000000 -2.7999999523 1 0065.png
96.000 96.000 1
66 -0.4272180913 0.1144727426 0.8663125277 -0.2321277623 0.0000000000 0.0000000894 -2.8000001907 1 0066.png
96.000 96.000 1
67 -0.3696437971 0.0990457582 0.8923991074 -0.2391176157 0.0000000000 -0.0000001192 -2.7999999523 1 0067.png
96.000 96.000 1
68 -0.3104867013 0.0831946574 0.9146642603 -0.2450835534 0.0000000000 0.0000000596 -2.8000001907 1 0068.png
96.000 96.000 1
69 -0.2500000227 0.0669873040 0.9330126973 -0.2499999929 0.0000000000 0.0000000000 -2.7999999523 1 0069.png
96.000 96.000 1
70 -0.1884427841 0.0504930920 0.9473658332 -0.2538459037 0.0000000000 0.0000000000 -2.7999997139 1 0070.png
96.000 96.000 1
71 -0.1260786169 0.0337826637 0.9576621972 -0.2566048131 0.0000000596 0.0000001192 -2.7999999523 1 0071.png
96.000 96.000 1
72 -0.0631745713 0.0169275766 0.9638576999 -0.2582649124 0.0000000298 0.0000000000 -2.7999999523 1 0072.png
96.000 96.000 1
73 -0.0000000000 0.0000000000 0.9659258257 -0.2588190471 0.0000000000 0.0000000000 -2.8000001907 1 0073.png
96.000 96.000 1
74 0.0631745713 -0.0169275766 0.9638576999 -0.2582649124 -0.0000000298 0.0000000000 -2.7999999523 1 0074.png
96.000 96.000 1
75 0.1260786169 -0.0337826637 0.9576621972 -0.2566048131 -0.0000000596 0.0000001192 -2.7999999523 1 0075.png
96.000 96.000 1
76 0.1884427841 -0.0504930920 0.9473658332 -0.2538459037 0.0000000000 0.0000000000 -2.7999997139 1 0076.png
96.000 96.000 1
77 0.2500000227 -0.0669873040 0.9330126973 -0.2499999929 0.0000000000 0.0000000000 -2.7999999523 1 0077.png
96.000 96.000 1
78 0.3104867013 -0.0831946574 0.9146642603 -0.2450835534 0.0000000000 0.0000000596 -2.8000001907 1 0078.png
96.000 96.000 1
79 0.3696437971 -0.0990457582 0.8923991074 -0.2391176157 0.0000000000 -0.0000001192 -2.7999999523 1 0079.png
96.000 96.000 1
80 0.4272180913 -0.1144727426 0.8663125277 -0.2321277623 0.0000000000 0.0000000894 -2.8000001907 1 0080.png
96.000 96.000 1
81 0.4829629017 -0.1294095206 0.8365163126 -0.2241438606 0.0000000000 0.0000000000 -2.7999999523 1 0081.png
96.000 96.000 1
82 0.5366396371 -0.1437921735 0.8031379675 -0.2152001763 0.0000000000 0.0000000298 -2.7999997139 1 0082.png
96.000 96.000 1
83 0.5880184038 -0.1575590442 0.7663204691 -0.2053349534 0.0000000596 0.0000001043 -2.7999999523 1 0083.png
96.000 96.000 1
84 0.6368791535 -0.1706512654 0.7262214816 -0.1945904652 0.0000000298 -0.0000000205 -2.7999999523 1 0084.png
96.000 96.000 1
85 0.6830126941 -0.1830126904 0.6830127159 -0.1830126904 0.0000000000 -0.0000000000 -2.8000001907 1 0085.png
96.000 96.000 1
86 0.7262214968 -0.1945904683 0.6368791378 -0.1706512556 -0.0000000298 -0.0000000205 -2.7999999523 1 0086.png
96.000 96.000 1
87 0.7663204821 -0.2053349553 0.5880183837 -0.1575590530 -0.0000000596 0.0000001043 -2.7999999523 1 0087.png
96.000 96.000 1
88 0.8031379682 -0.2152001792 0.5366396379 -0.1437921620 0.0000000000 0.0000000298 -2.7999997139 1 0088.png
96.000 96.000 1
89 0.8365163036 -0.2241438627 0.4829629148 -0.1294095261 0.0000000000 0.0000000000 -2.7999999523 1 0089.png
96.000 96.000 1
90 0.8663125545 -0.2321277382 0.4272180537 -0.1144727292 0.0000000000 0.0000000894 -2.8000001907 1 0090.png
96.000 96.000 1
91 0.8923991010 -0.2391176210 0.3696438072 -0.0990457655 0.0000000000 -0.0000001192 -2.7999999523 1 0091.png
96.000 96.000 1
92 0.9146642626 -0.2450835442 0.3104867030 -0.0831946539 0.0000000000 0.0000000596 -2.8000001907 1 0092.png
96.000 96.000 1
93 0.9330126980 -0.2499999985 0.2500000145 -0.0669873041 0.0000000000 0.0000000000 -2.7999999523 1 0093.png
96.000 96.000 1
94 0.9473658309 -0.2538459099 0.1884427878 -0.0504930908 0.0000000000 0.0000000000 -2.7999997139 1 0094.png
96.000 96.000 1
95 0.9576621987 -0.2566048107 0.1260786108 -0.0337826622 0.0000000596 0.0000001192 -2.7999999523 1 0095.png
96.000 96.000 1
96 0.9638577050 -0.2582648944 0.0631745681 -0.0169275749 0.0000000298 0.0000000000 -2.7999999523 1 0096.png
96.000 96.000 1
97 0.9914448614 -0.1305261924 0.0000000000 0.0000000000 0.0000000000 0.0000000000 -2.7999997139 1 0097.png
96.000 96.000 1
98 0.9893221028 -0.1302467206 -0.0648435913 0.0085368206 0.0000000000 0.0000000596 -2.8000001907 1 0098.png
96.000 96.000 1
99 0.9829629152 -0.1294095146 -0.1294095146 0.0170370859 -0.0000000596 0.0000000596 -2.8000001907 1 0099.png
96.000 96.000 1
100 0.9723945292 -0.1280181561 -0.1934212913 0.0254643937 0.0000000000 0.0000000596 -2.7999999523 1 0100.png
96.000 96.000 1
101 0.9576622025 -0.1260786113 -0.2566047962 0.0337826624 0.0000000000 0.0000000000 -2.7999999523 1 0101.png
96.000 96.000 1
102 0.9388290105 -0.1235991832 -0.3186895080 0.0419562687 0.0000000000 0.0000000298 -2.8000001907 1 0102.png
96.000 96.000 1
103 0.9159756060 -0.1205904760 -0.3794095450 0.0499502096 0.0000000000 0.0000000596 -2.8000001907 1 0103.png
96.000 96.000 1
104 0.8891998771 -0.1170653707 -0.4385048404 0.0577302564 0.0000000000 0.0000000298 -2.7999999523 1 0104.png
96.000 96.000 1
105 0.8586164244 -0.1130389946 -0.4957224523 0.0652630971 0.0000000000 0.0000000149 -2.7999999523 1 0105.png
96.000 96.000 1
106 0.8243562789 -0.1085285535 -0.5508172492 0.0725164565 0.0000000000 0.0000000447 -2.7999999523 1 0106.png
96.000 96.000 1
107 0.7865660929 -0.1035533858 -0.6035533916 0.0794593061 0.0000000596 0.0000000447 -2.7999999523 1 0107.png
96.000 96.000 1
108 0.7454077103 -0.0981347867 -0.6537050251 0.0860618923 0.0000000000 0.0000000363 -2.7999999523 1 0108.png
96.000 96.000 1
109 0.7010573846 -0.0922959558 -0.7010573846 0.0922959558 0.0000000000 -0.0000000000 -2.7999997139 1 0109.png
96.000 96.000 1
110 0.6537050239 -0.0860618994 -0.7454077115 0.0981347791 0.0000000000 0.0000000363 -2.7999999523 1 0110.png
96.000 96.000 1
111 0.6035533939 -0.0794593021 -0.7865660918 0.1035533835 -0.0000000596 0.0000000447 -2.7999999523 1 0111.png
96.000 96.000 1
112 0.5508172363 -0.0725164595 -0.8243562879 0.1085285491 0.0000000000 0.0000000447 -2.7999999523 1 0112.png
96.000 96.000 1
113 -0.4957224251 0.0652630976 0.8586164406 -0.1130389903 0.0000000000 0.0000000149 -2.7999999523 1 0113.png
96.000 96.000 1
114 -0.4385048298 0.0577302555 0.8891998820 -0.1170653735 0.0000000000 0.0000000298 -2.7999999523 1 0114.png
96.000 96.000 1
115 -0.3794095170 0.0499502079 0.9159756186 -0.1205904692 0.0000000000 0.0000000596 -2.8000001907 1 0115.png
96.000 96.000 1
116 -0.3186895250 0.0419562682 0.9388290043 -0.1235991865 0.0000000000 0.0000000298 -2.8000001907 1 0116.png
96.000 96.000 1
117 -0.2566047853 0.0337826640 0.9576622045 -0.1260786179 0.0000000000 0.0000000000 -2.7999999523 1 0117.png
96.000 96.000 1
118 -0.1934212900 0.0254643933 0.9723945295 -0.1280181561 0.0000000000 0.0000000596 -2.7999999523 1 0118.png
96.000 96.000 1
119 -0.1294095151 0.0170370853 0.9829629151 -0.1294095151 0.0000000596 0.0000000596 -2.8000001907 1 0119.png
96.000 96.000 1
120 -0.0648435862 0.0085368201 0.9893221044 -0.1302467109 0.0000000000 0.0000000596 -2.8000001907 1 0120.png
96.000 96.000 1
121 -0.0000000000 0.0000000000 0.9914448598 -0.1305262044 0.0000000000 0.0000000000 -2.7999997139 1 0121.png
96.000 96.000 1
122 0.0648435862 -0.0085368201 0.9893221044 -0.1302467109 0.0000000000 0.0000000596 -2.8000001907 1 0122.png
96.000 96.000 1
123 0.1294095151 -0.0170370853 0.9829629151 -0.1294095151 -0.0000000596 0.0000000596 -2.8000001907 1 0123.png
96.000 96.000 1
124 0.1934212900 -0.0254643933 0.9723945295 -0.1280181561 0.0000000000 0.0000000596 -2.7999999523 1 0124.png
96.000 96.000 1
125 0.2566047853 -0.0337826640 0.9576622045 -0.1260786179 0.0000000000 0.0000000000 -2.7999999523 1 0125.png
96.000 96.000 1
126 0.3186895250 -0.0419562682 0.9388290043 -0.1235991865 0.0000000000 0.0000000298 -2.8000001907 1 0126.png
96.000 96.000 1
127 0.3794095170 -0.0499502079 0.9159756186 -0.1205904692 0.0000000000 0.0000000596 -2.8000001907 1 0127.png
96.000 96.000 1
128 0.4385048298 -0.0577302555 0.8891998820 -0.1170653735 0.0000000000 0.0000000298 -2.7999999523 1 0128.png
96.000 96.000 1
129 0.4957224251 -0.0652630976 0.8586164406 -0.1130389903 0.0000000000 0.0000000149 -2.7999999523 1 0129.png
96.000 96.000 1
130 0.5508172363 -0.0725164595 0.8243562879 -0.1085285491 0.0000000000 0.0000000447 -2.7999999523 1 0130.png
96.000 96.000 1
131 0.6035533939 -0.0794593021 0.7865660918 -0.1035533835 0.0000000596 0.0000000447 -2.7999999523 1 0131.png
96.000 96.000 1
132 0.6537050239 -0.0860618994 0.7454077115 -0.0981347791 0.0000000000 0.0000000363 -2.7999999523 1 0132.png
96.000 96.000 1
133 0.7010573846 -0.0922959558 0.7010573846 -0.0922959558 0.0000000000 -0.0000000000 -2.7999997139 1 0133.png
96.000 96.000 1
134 0.7454077103 -0.0981347867 0.6537050251 -0.0860618923 0.0000000000 0.0000000363 -2.7999999523 1 0134.png
96.000 96.000 1
135 0.7865660929 -0.1035533858 0.6035533916 -0.0794593061 -0.0000000596 0.0000000447 -2.7999999523 1 0135.png
96.000 96.000 1
136 0.8243562789 -0.1085285535 0.5508172492 -0.0725164565 0.0000000000 0.0000000447 -2.7999999523 1 0136.png
96.000 96.000 1
137 0.8586164244 -0.1130389946 0.4957224523 -0.0652630971 0.0000000000 0.0000000149 -2.7999999523 1 0137.png
96.000 96.000 1
138 0.8891998771 -0.1170653707 0.4385048404 -0.0577302564 0.0000000000 0.0000000298 -2.7999999523 1 0138.png
96.000 96.000 1
139 0.9159756060 -0.1205904760 0.3794095450 -0.0499502096 0.0000000000 0.0000000596 -2.8000001907 1 0139.png
96.000 96.000 1
140 0.9388290105 -0.1235991832 0.3186895080 -0.0419562687 0.0000000000 0.0000000298 -2.8000001907 1 0140.png
96.000 96.000 1
141 0.9576622025 -0.1260786113 0.2566047962 -0.0337826624 0.0000000000 0.0000000000 -2.7999999523 1 0141.png
96.000 96.000 1
142 0.9723945292 -0.1280181561 0.1934212913 -0.0254643937 0.0000000000 0.0000000596 -2.7999999523 1 0142.png
96.000 96.000 1
143 0.9829629152 -0.1294095146 0.1294095146 -0.0170370859 0.0000000596 0.0000000596 -2.8000001907 1 0143.png
96.000 96.000 1
144 0.9893221028 -0.1302467206 0.0648435913 -0.0085368206 0.0000000000 0.0000000596 -2.8000001907 1 0144.png
96.000 96.000 1
145 1.0000000000 -0.0000000000 0.0000000000 0.0000000000 0.0000000000 0.0000000000 -2.7999999523 1 0145.png
96.000 96.000 1
146 0.9978589234 -0.0000000000 -0.0654031268 0.0000000000 0.0000000000 0.0000000000 -2.7999999523 1 0146.png
96.000 96.000 1
147 0.9914448624 -0.0000000000 -0.1305261846 0.0000000000 0.0000000596 0.0000000000 -2.7999997139 1 0147.png
96.000 96.000 1
148 0.9807852799 -0.0000000000 -0.1950903247 0.0000000000 0.0000000000 0.0000000000 -2.8000001907 1 0148.png
96.000 96.000 1
149 0.9659258317 -0.0000000000 -0.2588190250 0.0000000000 0.0000000000 0.0000000000 -2.8000001907 1 0149.png
96.000 96.000 1
150 0.9469301282 -0.0000000000 -0.3214394691 0.0000000000 0.0000000000 0.0000000000 -2.7999999523 1 0150.png
96.000 96.000 1
151 0.9238795272 -0.0000000000 -0.3826834452 0.0000000000 0.0000000000 0.0000000000 -2.7999999523 1 0151.png
96.000 96.000 1
152 0.8968727463 -0.0000000000 -0.4422886806 0.0000000000 0.0000000000 0.0000000000 -2.7999999523 1 0152.png
96.000 96.000 1
153 0.8660254077 -0.0000000000 -0.4999999933 0.0000000000 0.0000000000 0.0000000000 -2.8000001907 1 0153.png
96.000 96.000 1
154 0.8314696245 -0.0000000000 -0.5555702147 0.0000000000 0.0000000000 0.0000000000 -2.8000001907 1 0154.png
96.000 96.000 1
155 0.7933533580 -0.0000000000 -0.6087614059 0.0000000000 -0.0000000596 0.0000000000 -2.7999997139 1 0155.png
96.000 96.000 1
156 0.7518397974 -0.0000000000 -0.6593458266 0.0000000000 0.0000000000 0.0000000000 -2.7999999523 1 0156.png
96.000 96.000 1
157 0.7071067812 -0.0000000000 -0.7071067812 0.0000000000 0.0000000000 0.0000000000 -2.7999999523 1 0157.png
96.000 96.000 1
158 0.6593458090 -0.0000000000 -0.7518398128 0.0000000000 0.0000000000 0.0000000000 -2.7999999523 1 0158.png
96.000 96.000 1
159 0.6087614197 -0.0000000000 -0.7933533474 0.0000000000 0.0000000596 0.0000000000 -2.7999997139 1 0159.png
96.000 96.000 1
160 0.5555702394 -0.0000000000 -0.8314696080 0.0000000000 0.0000000000 0.0000000000 -2.8000001907 1 0160.png
96.000 96.000 1
161 0.5000000179 -0.0000000000 -0.8660253934 0.0000000000 0.0000000000 0.0000000000 -2.8000001907 1 0161.png
96.000 96.000 1
162 -0.4422887123 0.0000000000 0.8968727307 0.0000000000 0.0000000000 0.0000000000 -2.7999999523 1 0162.png
96.000 96.000 1
163 -0.3826834414 0.0000000000 0.9238795288 0.0000000000 0.0000000000 0.0000000000 -2.7999999523 1 0163.png
96.000 96.000 1
164 -0.3214394796 0.0000000000 0.9469301246 0.0000000000 0.0000000000 0.0000000000 -2.7999999523 1 0164.png
96.000 96.000 1
165 -0.2588190471 0.0000000000 0.9659258257 0.0000000000 0.0000000000 0.0000000000 -2.8000001907 1 0165.png
96.000 96.000 1
166 -0.1950903179 0.0000000000 0.9807852812 0.0000000000 0.0000000000 0.0000000000 -2.8000001907 1 0166.png
96.000 96.000 1
167 -0.1305261820 0.0000000000 0.9914448627 0.0000000000 -0.0000000596 0.0000000000 -2.7999997139 1 0167.png
96.000 96.000 1
168 -0.0654031250 0.0000000000 0.9978589235 0.0000000000 0.0000000000 0.0000000000 -2.7999999523 1 0168.png
96.000 96.000 1
169 -0.0000000000 0.0000000000 1.0000000000 0.0000000000 0.0000000000 0.0000000000 -2.7999999523 1 0169.png
96.000 96.000 1
170 0.0654031250 0.0000000000 0.9978589235 -0.0000000000 0.0000000000 0.0000000000 -2.7999999523 1 0170.png
96.000 96.000 1
171 0.1305261820 0.0000000000 0.9914448627 -0.0000000000 0.0000000596 0.0000000000 -2.7999997139 1 0171.png
96.000 96.000 1
172 0.1950903179 0.0000000000 0.9807852812 -0.0000000000 0.0000000000 0.0000000000 -2.8000001907 1 0172.png
96.000 96.000 1
173 0.2588190471 0.0000000000 0.9659258257 -0.0000000000 0.0000000000 0.0000000000 -2.8000001907 1 0173.png
96.000 96.000 1
174 0.3214394796 0.0000000000 0.9469301246 -0.0000000000 0.0000000000 0.0000000000 -2.7999999523 1 0174.png
96.000 96.000 1
175 0.3826834414 0.0000000000 0.9238795288 -0.0000000000 0.0000000000 0.0000000000 -2.7999999523 1 0175.png
96.000 96.000 1
176 0.4422887123 0.0000000000 0.8968727307 -0.0000000000 0.0000000000 0.0000000000 -2.7999999523 1 0176.png
96.000 96.000 1
177 0.5000000179 0.0000000000 0.8660253934 0.0000000000 0.0000000000 0.0000000000 -2.8000001907 1 0177.png
96.000 96.000 1
178 0.5555702394 0.0000000000 0.8314696080 0.0000000000 0.0000000000 0.0000000000 -2.8000001907 1 0178.png
96.000 96.000 1
179 0.6087614197 0.0000000000 0.7933533474 0.0000000000 -0.0000000596 0.0000000000 -2.7999997139 1 0179.png
96.000 96.000 1
180 0.6593458090 0.0000000000 0.7518398128 0.0000000000 0.0000000000 0.0000000000 -2.7999999523 1 0180.png
96.000 96.000 1
181 0.7071067812 0.0000000000 0.7071067812 0.0000000000 0.0000000000 0.0000000000 -2.7999999523 1 0181.png
96.000 96.000 1
182 0.7518397974 -0.0000000000 0.6593458266 0.0000000000 0.0000000000 0.0000000000 -2.7999999523 1 0182.png
96.000 96.000 1
183 0.7933533580 -0.0000000000 0.6087614059 0.0000000000 0.0000000596 0.0000000000 -2.7999997139 1 0183.png
96.000 96.000 1
184 0.8314696245 -0.0000000000 0.5555702147 0.0000000000 0.0000000000 0.0000000000 -2.8000001907 1 0184.png
96.000 96.000 1
185 0.8660254077 -0.0000000000 0.4999999933 0.0000000000 0.0000000000 0.0000000000 -2.8000001907 1 0185.png
96.000 96.000 1
186 0.8968727463 -0.0000000000 0.4422886806 0.0000000000 0.0000000000 0.0000000000 -2.7999999523 1 0186.png
96.000 96.000 1
187 0.9238795272 -0.0000000000 0.3826834452 0.0000000000 0.0000000000 0.0000000000 -2.7999999523 1 0187.png
96.000 96.000 1
188 0.9469301282 -0.0000000000 0.3214394691 0.0000000000 0.0000000000 0.0000000000 -2.7999999523 1 0188.png
96.000 96.000 1
189 0.9659258317 -0.0000000000 0.2588190250 0.0000000000 0.0000000000 0.0000000000 -2.8000001907 1 0189.png
96.000 96.000 1
190 0.9807852799 -0.0000000000 0.1950903247 0.0000000000 0.0000000000 0.0000000000 -2.8000001907 1 0190.png
96.000 96.000 1
191 0.9914448624 -0.0000000000 0.1305261846 0.0000000000 -0.0000000596 0.0000000000 -2.7999997139 1 0191.png
96.000 96.000 1
192 0.9978589234 -0.0000000000 0.0654031268 0.0000000000 0.0000000000 0.0000000000 -2.7999999523 1 0192.png
96.000 96.000 1
193 0.9914448614 0.1305261924 0.0000000000 0.0000000000 0.0000000000 0.0000000000 -2.7999997139 1 0193.png
96.000 96.000 1
194 0.9893221028 0.1302467206 -0.0648435913 -0.0085368206 0.0000000000 -0.0000000596 -2.8000001907 1 0194.png
96.000 96.000 1
195 0.9829629152 0.1294095146 -0.1294095146 -0.0170370859 -0.0000000596 -0.0000000596 -2.8000001907 1 0195.png
96.000 96.000 1
196 0.9723945292 0.1280181561 -0.1934212913 -0.0254643937 0.0000000000 -0.0000000596 -2.7999999523 1 0196.png
96.000 96.000 1
197 0.9576622025 0.1260786113 -0.2566047962 -0.0337826624 0.0000000000 0.0000000000 -2.7999999523 1 0197.png
96.000 96.000 1
198 0.9388290105 0.1235991832 -0.3186895080 -0.0419562687 0.0000000000 -0.0000000298 -2.8000001907 1 0198.png
96.000 96.000 1
199 0.9159756060 0.1205904760 -0.3794095450 -0.0499502096 0.0000000000 -0.0000000596 -2.8000001907 1 0199.png
96.000 96.000 1
200 0.8891998771 0.1170653707 -0.4385048404 -0.0577302564 0.0000000000 -0.0000000298 -2.7999999523 1 0200.png
96.000 96.000 1
201 0.8586164244 0.1130389946 -0.4957224523 -0.0652630971 0.0000000000 -0.0000000149 -2.7999999523 1 0201.png
96.000 96.000 1
202 0.8243562789 0.1085285535 -0.5508172492 -0.0725164565 0.0000000000 -0.0000000447 -2.7999999523 1 0202.png
96.000 96.000 1
203 0.7865660929 0.1035533858 -0.6035533916 -0.0794593061 0.0000000596 -0.0000000447 -2.7999999523 1 0203.png
96.000 96.000 1
204 0.7454077103 0.0981347867 -0.6537050251 -0.0860618923 0.0000000000 -0.0000000363 -2.7999999523 1 0204.png
96.000 96.000 1
205 0.7010573846 0.0922959558 -0.7010573846 -0.0922959558 0.0000000000 0.0000000000 -2.7999997139 1 0205.png
96.000 96.000 1
206 0.6537050239 0.0860618994 -0.7454077115 -0.0981347791 0.0000000000 -0.0000000363 -2.7999999523 1 0206.png
96.000 96.000 1
207 0.6035533939 0.0794593021 -0.7865660918 -0.1035533835 -0.0000000596 -0.0000000447 -2.7999999523 1 0207.png
96.000 96.000 1
208 0.5508172363 0.0725164595 -0.8243562879 -0.1085285491 0.0000000000 -0.0000000447 -2.7999999523 1 0208.png
96.000 96.000 1
209 -0.4957224251 -0.0652630976 0.8586164406 0.1130389903 0.0000000000 -0.0000000149 -2.7999999523 1 0209.png
96.000 96.000 1
210 -0.4385048298 -0.0577302555 0.8891998820 0.1170653735 0.0000000000 -0.0000000298 -2.7999999523 1 0210.png
96.000 96.000 1
211 -0.3794095170 -0.0499502079 0.9159756186 0.1205904692 0.0000000000 -0.0000000596 -2.8000001907 1 0211.png
96.000 96.000 1
212 -0.3186895250 -0.0419562682 0.9388290043 0.1235991865 0.0000000000 -0.0000000298 -2.8000001907 1 0212.png
96.000 96.000 1
213 -0.2566047853 -0.0337826640 0.9576622045 0.1260786179 0.0000000000 0.0000000000 -2.7999999523 1 0213.png
96.000 96.000 1
214 -0.1934212900 -0.0254643933 0.9723945295 0.1280181561 0.0000000000 -0.0000000596 -2.7999999523 1 0214.png
96.000 96.000 1
215 -0.1294095151 -0.0170370853 0.9829629151 0.1294095151 0.0000000596 -0.0000000596 -2.8000001907 1 0215.png
96.000 96.000 1
216 -0.0648435862 -0.0085368201 0.9893221044 0.1302467109 0.0000000000 -0.0000000596 -2.8000001907 1 0216.png
96.000 96.000 1
217 -0.0000000000 -0.0000000000 0.9914448598 0.1305262044 0.0000000000 0.0000000000 -2.7999997139 1 0217.png
96.000 96.000 1
218 0.0648435862 0.0085368201 0.9893221044 0.1302467109 0.0000000000 -0.0000000596 -2.8000001907 1 0218.png
96.000 96.000 1
219 0.1294095151 0.0170370853 0.9829629151 0.1294095151 -0.0000000596 -0.0000000596 -2.8000001907 1 0219.png
96.000 96.000 1
220 0.1934212900 0.0254643933 0.9723945295 0.1280181561 0.0000000000 -0.0000000596 -2.7999999523 1 0220.png
96.000 96.000 1
221 0.2566047853 0.0337826640 0.9576622045 0.1260786179 0.0000000000 0.0000000000 -2.7999999523 1 0221.png
96.000 96.000 1
222 0.3186895250 0.0419562682 0.9388290043 0.1235991865 0.0000000000 -0.0000000298 -2.8000001907 1 0222.png
96.000 96.000 1
223 0.3794095170 0.0499502079 0.9159756186 0.1205904692 0.0000000000 -0.0000000596 -2.8000001907 1 0223.png
96.000 96.000 1
224 0.4385048298 0.0577302555 0.8891998820 0.1170653735 0.0000000000 -0.0000000298 -2.7999999523 1 0224.png
96.000 96.000 1
225 0.4957224251 0.0652630976 0.8586164406 0.1130389903 0.0000000000 -0.0000000149 -2.7999999523 1 0225.png
96.000 96.000 1
226 0.5508172363 0.0725164595 0.8243562879 0.1085285491 0.0000000000 -0.0000000447 -2.7999999523 1 0226.png
96.000 96.000 1
227 0.6035533939 0.0794593021 0.7865660918 0.1035533835 0.0000000596 -0.0000000447 -2.7999999523 1 0227.png
96.000 96.000 1
228 0.6537050239 0.0860618994 0.7454077115 0.0981347791 0.0000000000 -0.0000000363 -2.7999999523 1 0228.png
96.000 96.000 1
229 0.7010573846 0.0922959558 0.7010573846 0.0922959558 0.0000000000 0.0000000000 -2.7999997139 1 0229.png
96.000 96.000 1
230 0.7454077103 0.0981347867 0.6537050251 0.0860618923 0.0000000000 -0.0000000363 -2.7999999523 1 0230.png
96.000 96.000 1
231 0.7865660929 0.1035533858 0.6035533916 0.0794593061 -0.0000000596 -0.0000000447 -2.7999999523 1 0231.png
96.000 96.000 1
232 0.8243562789 0.1085285535 0.5508172492 0.0725164565 0.0000000000 -0.0000000447 -2.7999999523 1 0232.png
96.000 96.000 1
233 0.8586164244 0.1130389946 0.4957224523 0.0652630971 0.0000000000 -0.0000000149 -2.7999999523 1 0233.png
96.000 96.000 1
234 0.8891998771 0.1170653707 0.4385048404 0.0577302564 0.0000000000 -0.0000000298 -2.7999999523 1 0234.png
96.000 96.000 1
235 0.9159756060 0.1205904760 0.3794095450 0.0499502096 0.0000000000 -0.0000000596 -2.8000001907 1 0235.png
96.000 96.000 1
236 0.9388290105 0.1235991832 0.3186895080 0.0419562687 0.0000000000 -0.0000000298 -2.8000001907 1 0236.png
96.000 96.000 1
237 0.9576622025 0.1260786113 0.2566047962 0.0337826624 0.0000000000 0.0000000000 -2.7999999523 1 0237.png
96.000 96.000 1
238 0.9723945292 0.1280181561 0.1934212913 0.0254643937 0.0000000000 -0.0000000596 -2.7999999523 1 0238.png
96.000 96.000 1
239 0.9829629152 0.1294095146 0.1294095146 0.0170370859 0.0000000596 -0.0000000596 -2.8000001907 1 0239.png
96.000 96.000 1
240 0.9893221028 0.1302467206 0.0648435913 0.0085368206 0.0000000000 -0.0000000596 -2.8000001907 1 0240.png
96.000 96.000 1
241 0.9659258317 0.2588190250 0.0000000000 0.0000000000 0.0000000000 0.0000000000 -2.8000001907 1 0241.png
96.000 96.000 1
242 0.9638577050 0.2582648944 -0.0631745681 -0.0169275749 -0.0000000298 0.0000000000 -2.7999999523 1 0242.png
96.000 96.000 1
243 0.9576621987 0.2566048107 -0.1260786108 -0.0337826622 -0.0000000596 -0.0000001192 -2.7999999523 1 0243.png
96.000 96.000 1
244 0.9473658309 0.2538459099 -0.1884427878 -0.0504930908 0.0000000000 0.0000000000 -2.7999997139 1 0244.png
96.000 96.000 1
245 0.9330126980 0.2499999985 -0.2500000145 -0.0669873041 0.0000000000 0.0000000000 -2.7999999523 1 0245.png
96.000 96.000 1
246 0.9146642626 0.2450835442 -0.3104867030 -0.0831946539 0.0000000000 -0.0000000596 -2.8000001907 1 0246.png
96.000 96.000 1
247 0.8923991010 0.2391176210 -0.3696438072 -0.0990457655 0.0000000000 0.0000001192 -2.7999999523 1 0247.png
96.000 96.000 1
248 0.8663125545 0.2321277382 -0.4272180537 -0.1144727292 0.0000000000 -0.0000000894 -2.8000001907 1 0248.png
96.000 96.000 1
249 0.8365163036 0.2241438627 -0.4829629148 -0.1294095261 0.0000000000 0.0000000000 -2.7999999523 1 0249.png
96.000 96.000 1
250 0.8031379682 0.2152001792 -0.5366396379 -0.1437921620 0.0000000000 -0.0000000298 -2.7999997139 1 0250.png
96.000 96.000 1
251 0.7663204821 0.2053349553 -0.5880183837 -0.1575590530 0.0000000596 -0.0000001043 -2.7999999523 1 0251.png
96.000 96.000 1
252 0.7262214968 0.1945904683 -0.6368791378 -0.1706512556 0.0000000298 0.0000000205 -2.7999999523 1 0252.png
96.000 96.000 1
253 0.6830126941 0.1830126904 -0.6830127159 -0.1830126904 0.0000000000 0.0000000000 -2.8000001907 1 0253.png
96.000 96.000 1
254 0.6368791535 0.1706512654 -0.7262214816 -0.1945904652 -0.0000000298 0.0000000205 -2.7999999523 1 0254.png
96.000 96.000 1
255 0.5880184038 0.1575590442 -0.7663204691 -0.2053349534 -0.0000000596 -0.0000001043 -2.7999999523 1 0255.png
96.000 96.000 1
256 0.5366396371 0.1437921735 -0.8031379675 -0.2152001763 0.0000000000 -0.0000000298 -2.7999997139 1 0256.png
96.000 96.000 1
257 -0.4829629017 -0.1294095206 0.8365163126 0.2241438606 0.0000000000 0.0000000000 -2.7999999523 1 0257.png
96.000 96.000 1
258 -0.4272180913 -0.1144727426 0.8663125277 0.2321277623 0.0000000000 -0.0000000894 -2.8000001907 1 0258.png
96.000 96.000 1
259 -0.3696437971 -0.0990457582 0.8923991074 0.2391176157 0.0000000000 0.0000001192 -2.7999999523 1 0259.png
96.000 96.000 1
260 -0.3104867013 -0.0831946574 0.9146642603 0.2450835534 0.0000000000 -0.0000000596 -2.8000001907 1 0260.png
96.000 96.000 1
261 -0.2500000227 -0.0669873040 0.9330126973 0.2499999929 0.0000000000 0.0000000000 -2.7999999523 1 0261.png
96.000 96.000 1
262 -0.1884427841 -0.0504930920 0.9473658332 0.2538459037 0.0000000000 0.0000000000 -2.7999997139 1 0262.png
96.000 96.000 1
263 -0.1260786169 -0.0337826637 0.9576621972 0.2566048131 0.0000000596 -0.0000001192 -2.7999999523 1 0263.png
96.000 96.000 1
264 -0.0631745713 -0.0169275766 0.9638576999 0.2582649124 0.0000000298 0.0000000000 -2.7999999523 1 0264.png
96.000 96.000 1
265 -0.0000000000 -0.0000000000 0.9659258257 0.2588190471 0.0000000000 0.0000000000 -2.8000001907 1 0265.png
96.000 96.000 1
266 0.0631745713 0.0169275766 0.9638576999 0.2582649124 -0.0000000298 0.0000000000 -2.7999999523 1 0266.png
96.000 96.000 1
267 0.1260786169 0.0337826637 0.9576621972 0.2566048131 -0.0000000596 -0.0000001192 -2.7999999523 1 0267.png
96.000 96.000 1
268 0.1884427841 0.0504930920 0.9473658332 0.2538459037 0.0000000000 0.0000000000 -2.7999997139 1 0268.png
96.000 96.000 1
269 0.2500000227 0.0669873040 0.9330126973 0.2499999929 0.0000000000 0.0000000000 -2.7999999523 1 0269.png
96.000 96.000 1
270 0.3104867013 0.0831946574 0.9146642603 0.2450835534 0.0000000000 -0.0000000596 -2.8000001907 1 0270.png
96.000 96.000 1
271 0.3696437971 0.0990457582 0.8923991074 0.2391176157 0.0000000000 0.0000001192 -2.7999999523 1 0271.png
96.000 96.000 1
272 0.4272180913 0.1144727426 0.8663125277 0.2321277623 0.0000000000 -0.0000000894 -2.8000001907 1 0272.png
96.000 96.000 1
273 0.4829629017 0.1294095206 0.8365163126 0.2241438606 0.0000000000 0.0000000000 -2.7999999523 1 0273.png
96.000 96.000 1
274 0.5366396371 0.1437921735 0.8031379675 0.2152001763 0.0000000000 -0.0000000298 -2.7999997139 1 0274.png
96.000 96.000 1
275 0.5880184038 0.1575590442 0.7663204691 0.2053349534 0.0000000596 -0.0000001043 -2.7999999523 1 0275.png
96.000 96.000 1
276 0.6368791535 0.1706512654 0.7262214816 0.1945904652 0.0000000298 0.0000000205 -2.7999999523 1 0276.png
96.000 96.000 1
277 0.6830126941 0.1830126904 0.6830127159 0.1830126904 0.0000000000 0.0000000000 -2.8000001907 1 0277.png
96.000 96.000 1
278 0.7262214968 0.1945904683 0.6368791378 0.1706512556 -0.0000000298 0.0000000205 -2.7999999523 1 0278.png
96.000 96.000 1
279 0.7663204821 0.2053349553 0.5880183837 0.1575590530 -0.0000000596 -0.0000001043 -2.7999999523 1 0279.png
96.000 96.000 1
280 0.8031379682 0.2152001792 0.5366396379 0.1437921620 0.0000000000 -0.0000000298 -2.7999997139 1 0280.png
96.000 96.000 1
281 0.8365163036 0.2241438627 0.4829629148 0.1294095261 0.0000000000 0.0000000000 -2.7999999523 1 0281.png
96.000 96.000 1
282 0.8663125545 0.2321277382 0.4272180537 0.1144727292 0.0000000000 -0.0000000894 -2.8000001907 1 0282.png
96.000 96.000 1
283 0.8923991010 0.2391176210 0.3696438072 0.0990457655 0.0000000000 0.0000001192 -2.7999999523 1 0283.png
96.000 96.000 1
284 0.9146642626 0.2450835442 0.3104867030 0.0831946539 0.0000000000 -0.0000000596 -2.8000001907 1 0284.png
96.000 96.000 1
285 0.9330126980 0.2499999985 0.2500000145 0.0669873041 0.0000000000 0.0000000000 -2.7999999523 1 0285.png
96.000 96.000 1
286 0.9473658309 0.2538459099 0.1884427878 0.0504930908 0.0000000000 0.0000000000 -2.7999997139 1 0286.png
96.000 96.000 1
287 0.9576621987 0.2566048107 0.1260786108 0.0337826622 0.0000000596 -0.0000001192 -2.7999999523 1 0287.png
96.000 96.000 1
288 0.9638577050 0.2582648944 0.0631745681 0.0169275749 0.0000000298 0.0000000000 -2.7999999523 1 0288.png
96.000 96.000 1
289 0.9238795386 0.3826834177 0.0000000000 0.0000000000 0.0000000000 0.0000000000 -2.7999999523 1 0289.png
96.000 96.000 1
290 0.9219014404 0.3818640668 -0.0604246068 -0.0250286927 0.0000000000 -0.0000002384 -2.8000001907 1 0290.png
96.000 96.000 1
291 0.9159756184 0.3794095175 -0.1205904695 -0.0499502062 -0.0000000596 -0.0000001192 -2.7999999523 1 0291.png
96.000 96.000 1
292 0.9061274456 0.3753302693 -0.1802399735 -0.0746578409 0.0000001192 0.0000001192 -2.7999999523 1 0292.png
96.000 96.000 1
293 0.8923991010 0.3696438072 -0.2391176210 -0.0990457655 0.0000000596 0.0000000000 -2.7999999523 1 0293.png
96.000 96.000 1
294 0.8748493679 0.3623744560 -0.2969713508 -0.1230095687 0.0000000596 -0.0000001192 -2.7999997139 1 0294.png
96.000 96.000 1
295 0.8535533919 0.3535533731 -0.3535534080 -0.1464466021 0.0000000000 -0.0000001192 -2.7999999523 1 0295.png
96.000 96.000 1
296 0.8286023907 0.3432183135 -0.4086214525 -0.1692565389 -0.0000000596 -0.0000001192 -2.7999999523 1 0296.png
96.000 96.000 1
297 0.8001031553 0.3314135540 -0.4619397614 -0.1913417202 -0.0000000596 0.0000000000 -2.7999997139 1 0297.png
96.000 96.000 1
298 0.7681777457 0.3181896552 -0.5132799756 -0.2126075282 -0.0000001192 0.0000000745 -2.7999997139 1 0298.png
96.000 96.000 1
299 0.7329629192 0.3036031637 -0.5624222298 -0.2329629014 0.0000000596 -0.0000001043 -2.7999999523 1 0299.png
96.000 96.000 1
300 0.6946094266 0.2877166235 -0.6091560951 -0.2523207104 0.0000000000 -0.0000001900 -2.8000001907 1 0300.png
96.000 96.000 1
301 0.6532814737 0.2705980437 -0.6532814965 -0.2705980437 -0.0000000000 0.0000000000 -2.7999999523 1 0301.png
96.000 96.000 1
302 0.6091561341 0.2523207106 -0.6946093920 -0.2877166241 0.0000000000 -0.0000001900 -2.8000001907 1 0302.png
96.000 96.000 1
303 0.5624222324 0.2329629228 -0.7329629117 -0.3036031605 -0.0000000596 -0.0000001043 -2.7999999523 1 0303.png
96.000 96.000 1
304 0.5132799313 0.2126075005 -0.7681777821 -0.3181896572 0.0000001192 0.0000000745 -2.7999997139 1 0304.png
96.000 96.000 1
305 -0.4619397850 -0.1913417292 0.8001031332 0.3314135693 0.0000000596 0.0000000000 -2.7999997139 1 0305.png
96.000 96.000 1
306 -0.4086214619 -0.1692565538 0.8286023770 0.3432183280 0.0000000596 -0.0000001192 -2.7999999523 1 0306.png
96.000 96.000 1
307 -0.3535533831 -0.1464465999 0.8535534108 0.3535533533 0.0000000000 -0.0000001192 -2.7999999523 1 0307.png
96.000 96.000 1
308 -0.2969713481 -0.1230095688 0.8748493707 0.3623744513 -0.0000000596 -0.0000001192 -2.7999997139 1 0308.png
96.000 96.000 1
309 -0.2391176157 -0.0990457582 0.8923991074 0.3696437971 -0.0000000596 0.0000000000 -2.7999999523 1 0309.png
96.000 96.000 1
310 -0.1802399742 -0.0746578420 0.9061274465 0.3753302667 -0.0000001192 0.0000001192 -2.7999999523 1 0310.png
96.000 96.000 1
311 -0.1205904632 -0.0499502048 0.9159756300 0.3794094919 0.0000000596 -0.0000001192 -2.7999999523 1 0311.png
96.000 96.000 1
312 -0.0604246058 -0.0250286920 0.9219014426 0.3818640618 0.0000000000 -0.0000002384 -2.8000001907 1 0312.png
96.000 96.000 1
313 -0.0000000000 -0.0000000000 0.9238795393 0.3826834160 -0.0000000000 0.0000000000 -2.7999999523 1 0313.png
96.000 96.000 1
314 0.0604246058 0.0250286920 0.9219014426 0.3818640618 0.0000000000 -0.0000002384 -2.8000001907 1 0314.png
96.000 96.000 1
315 0.1205904632 0.0499502048 0.9159756300 0.3794094919 -0.0000000596 -0.0000001192 -2.7999999523 1 0315.png
96.000 96.000 1
316 0.1802399742 0.0746578420 0.9061274465 0.3753302667 0.0000001192 0.0000001192 -2.7999999523 1 0316.png
96.000 96.000 1
317 0.2391176157 0.0990457582 0.8923991074 0.3696437971 0.0000000596 0.0000000000 -2.7999999523 1 0317.png
96.000 96.000 1
318 0.2969713481 0.1230095688 0.8748493707 0.3623744513 0.0000000596 -0.0000001192 -2.7999997139 1 0318.png
96.000 96.000 1
319 0.3535533831 0.1464465999 0.8535534108 0.3535533533 0.0000000000 -0.0000001192 -2.7999999523 1 0319.png
96.000 96.000 1
320 0.4086214619 0.1692565538 0.8286023770 0.3432183280 -0.0000000596 -0.0000001192 -2.7999999523 1 0320.png
96.000 96.000 1
321 0.4619397850 0.1913417292 0.8001031332 0.3314135693 -0.0000000596 0.0000000000 -2.7999997139 1 0321.png
96.000 96.000 1
322 0.5132799313 0.2126075005 0.7681777821 0.3181896572 -0.0000001192 0.0000000745 -2.7999997139 1 0322.png
96.000 96.000 1
323 0.5624222324 0.2329629228 0.7329629117 0.3036031605 0.0000000596 -0.0000001043 -2.7999999523 1 0323.png
96.000 96.000 1
324 0.6091561341 0.2523207106 0.6946093920 0.2877166241 0.0000000000 -0.0000001900 -2.8000001907 1 0324.png
96.000 96.000 1
325 0.6532814737 0.2705980437 0.6532814965 0.2705980437 0.0000000000 0.0000000000 -2.7999999523 1 0325.png
96.000 96.000 1
326 0.6946094266 0.2877166235 0.6091560951 0.2523207104 0.0000000000 -0.0000001900 -2.8000001907 1 0326.png
96.000 96.000 1
327 0.7329629192 0.3036031637 0.5624222298 0.2329629014 -0.0000000596 -0.0000001043 -2.7999999523 1 0327.png
96.000 96.000 1
328 0.7681777457 0.3181896552 0.5132799756 0.2126075282 0.0000001192 0.0000000745 -2.7999997139 1 0328.png
96.000 96.000 1
329 0.8001031553 0.3314135540 0.4619397614 0.1913417202 0.0000000596 0.0000000000 -2.7999997139 1 0329.png
96.000 96.000 1
330 0.8286023907 0.3432183135 0.4086214525 0.1692565389 0.0000000596 -0.0000001192 -2.7999999523 1 0330.png
96.000 96.000 1
331 0.8535533919 0.3535533731 0.3535534080 0.1464466021 0.0000000000 -0.0000001192 -2.7999999523 1 0331.png
96.000 96.000 1
332 0.8748493679 0.3623744560 0.2969713508 0.1230095687 -0.0000000596 -0.0000001192 -2.7999997139 1 0332.png
96.000 96.000 1
333 0.8923991010 0.3696438072 0.2391176210 0.0990457655 -0.0000000596 0.0000000000 -2.7999999523 1 0333.png
96.000 96.000 1
334 0.9061274456 0.3753302693 0.1802399735 0.0746578409 -0.0000001192 0.0000001192 -2.7999999523 1 0334.png
96.000 96.000 1
335 0.9159756184 0.3794095175 0.1205904695 0.0499502062 0.0000000596 -0.0000001192 -2.7999999523 1 0335.png
96.000 96.000 1
336 0.9219014404 0.3818640668 0.0604246068 0.0250286927 0.0000000000 -0.0000002384 -2.8000001907 1 0336.png
96.000 96.000 1
