# POINT3D_ID, X, Y, Z, R, G, B, ERROR, TRACK[]
1 -0.38581121 -0.23678653 0.88930219 174 133 83 0.0
2 0.06484944 -0.83703303 0.53913963 133 117 71 0.0
3 0.14765941 -0.58722955 -0.79243040 152 124 76 0.0
4 -0.27795467 0.60413051 -0.74493009 194 153 98 0.0
5 -0.67808855 0.48482707 0.54876161 197 150 96 0.0
6 0.16245714 -0.70912397 -0.68476129 146 119 73 0.0
7 0.11640967 0.97071064 0.20379126 199 163 106 0.0
8 0.64660424 -0.63510746 -0.41573060 147 122 75 0.0
9 -0.63876605 -0.56050098 0.52109605 161 125 77 0.0
10 -0.01069881 0.06713108 -0.99489874 176 141 89 0.0
11 -0.46761996 0.44427139 0.75985813 196 149 95 0.0
12 0.10697073 0.46328393 -0.87712055 189 150 96 0.0
13 0.48112637 0.48189855 0.72856450 181 150 96 0.0
14 0.86057687 0.01259391 0.50667179 167 140 88 0.0
15 0.39935324 -0.06236766 0.91111082 162 137 86 0.0
16 -0.90201628 -0.03599434 0.42169505 178 137 86 0.0
17 -0.02044505 -0.98433137 0.16494817 141 114 69 0.0
18 -0.78348339 -0.60759950 0.12302226 158 124 76 0.0
19 -0.63087875 -0.21087512 0.74139023 173 133 83 0.0
20 0.04148252 -0.96819848 -0.24344894 137 114 69 0.0
21 0.59656173 0.53665936 -0.59333014 189 152 98 0.0
22 0.75345850 0.63060844 -0.17199896 191 155 100 0.0
23 -0.97923088 -0.16620350 -0.07807541 171 134 84 0.0
24 0.45293131 0.87766868 0.14458515 198 161 104 0.0
25 -0.23948628 0.93482429 0.25508973 214 162 105 0.0
26 0.97148991 -0.10735334 0.19485667 164 136 86 0.0
27 0.00495734 0.12839727 -0.99125946 176 141 89 0.0
28 -0.20263477 -0.82157290 -0.52821219 144 117 71 0.0
29 -0.07433115 -0.22667181 0.96744835 162 133 83 0.0
30 0.96581101 -0.06586944 0.23731388 165 137 86 0.0
31 -0.27917236 0.05242882 0.95539564 184 140 88 0.0
32 -0.26504633 0.55552787 0.78353369 201 152 98 0.0
33 -0.09711650 0.98561114 -0.12695265 210 163 106 0.0
34 -0.29884648 0.64471376 0.70022917 205 155 100 0.0
35 0.06220645 -0.42879874 0.89706075 148 127 79 0.0
36 0.48112983 0.57493955 0.65775579 184 152 98 0.0
37 -0.06290975 0.36385271 0.92614841 188 147 94 0.0
38 -0.09580903 0.99158359 0.08508647 216 163 106 0.0
39 -0.04550421 -0.70469058 -0.70624316 149 121 74 0.0
40 0.62888485 0.66150546 0.40066904 189 155 100 0.0
41 0.80663258 0.48977867 -0.32782632 184 149 95 0.0
42 -0.43080127 -0.77779555 -0.45370471 148 119 73 0.0
43 0.79306567 -0.01472927 0.60745811 164 137 86 0.0
44 -0.56014329 -0.66266513 0.49040371 156 121 74 0.0
45 0.79760903 -0.34614637 0.48794883 154 130 81 0.0
46 -0.67829609 -0.45154321 0.57336569 165 127 79 0.0
47 -0.49045280 0.84388041 -0.20829600 206 159 103 0.0
48 -0.70446354 -0.10299400 -0.69990450 174 137 86 0.0
49 0.69608438 -0.09529603 0.70848328 162 136 86 0.0
50 0.35678238 -0.73839605 -0.56739652 144 119 73 0.0
