# IMAGE_ID, QW, QX, QY, QZ, TX, TY, TZ, CAMERA_ID, NAME
1 0.9238795386 -0.3826834177 0.0000000000 0.0000000000 0.0000000000 0.0000000000 -2.7999999523 1 0001.png
96.000 96.000 1
2 0.9203639032 -0.3812271823 -0.0805213954 0.0333530532 -0.0000000298 0.0000001192 -2.8000001907 1 0002.png
96.000 96.000 1
3 0.9098437278 -0.3768696093 -0.1604299945 0.0664522800 0.0000000000 0.0000000000 -2.8000001907 1 0003.png
96.000 96.000 1
4 0.8923991010 -0.3696438072 -0.2391176210 0.0990457655 0.0000000596 0.0000000000 -2.7999999523 1 0004.png
96.000 96.000 1
5 0.8681627762 -0.3596047901 -0.3159854240 0.1308854491 0.0000000596 0.0000000000 -2.7999999523 1 0005.png
96.000 96.000 1
6 0.8373192182 -0.3468289588 -0.3904483705 0.1617290019 -0.0000000596 0.0000000000 -2.8000001907 1 0006.png
96.000 96.000 1
7 0.8001031553 -0.3314135540 -0.4619397614 0.1913417202 -0.0000000596 0.0000000000 -2.7999997139 1 0007.png
96.000 96.000 1
8 0.7567977988 -0.3134759023 -0.5299155519 0.2194981964 0.0000000000 -0.0000000149 -2.8000001907 1 0008.png
96.000 96.000 1
9 0.7077327863 -0.2931525010 -0.5938583217 0.2459841623 0.0000000298 0.0000000671 -2.7999999523 1 0009.png
96.000 96.000 1
10 0.6532814737 -0.2705980437 -0.6532814965 0.2705980437 -0.0000000000 -0.0000000000 -2.7999999523 1 0010.png
96.000 96.000 1
11 0.5938583257 -0.2459841721 -0.7077327779 0.2931525048 -0.0000000298 0.0000000671 -2.7999999523 1 0011.png
96.000 96.000 1
12 0.5299155183 -0.2194981758 -0.7567978266 0.3134759065 0.0000000000 -0.0000000149 -2.8000001907 1 0012.png
96.000 96.000 1
13 -0.4619397850 0.1913417292 0.8001031332 -0.3314135693 0.0000000596 0.0000000000 -2.7999997139 1 0013.png
96.000 96.000 1
14 -0.3904483545 0.1617289901 0.8373192395 -0.3468289312 0.0000000596 0.0000000000 -2.8000001907 1 0014.png
96.000 96.000 1
15 -0.3159854210 0.1308854560 0.8681627776 -0.3596047868 -0.0000000596 0.0000000000 -2.7999999523 1 0015.png
96.000 96.000 1
16 -0.2391176157 0.0990457582 0.8923991074 -0.3696437971 -0.0000000596 0.0000000000 -2.7999999523 1 0016.png
96.000 96.000 1
17 -0.1604299963 0.0664522785 0.9098437264 -0.3768696121 0.0000000000 0.0000000000 -2.8000001907 1 0017.png
96.000 96.000 1
18 -0.0805213969 0.0333530529 0.9203638984 -0.3812271934 0.0000000298 0.0000001192 -2.8000001907 1 0018.png
96.000 96.000 1
19 -0.0000000000 0.0000000000 0.9238795393 -0.3826834160 -0.0000000000 0.0000000000 -2.7999999523 1 0019.png
96.000 96.000 1
20 0.0805213969 -0.0333530529 0.9203638984 -0.3812271934 -0.0000000298 0.0000001192 -2.8000001907 1 0020.png
96.000 96.000 1
21 0.1604299963 -0.0664522785 0.9098437264 -0.3768696121 0.0000000000 0.0000000000 -2.8000001907 1 0021.png
96.000 96.000 1
22 0.2391176157 -0.0990457582 0.8923991074 -0.3696437971 0.0000000596 0.0000000000 -2.7999999523 1 0022.png
96.000 96.000 1
23 0.3159854210 -0.1308854560 0.8681627776 -0.3596047868 0.0000000596 0.0000000000 -2.7999999523 1 0023.png
96.000 96.000 1
24 0.3904483545 -0.1617289901 0.8373192395 -0.3468289312 -0.0000000596 0.0000000000 -2.8000001907 1 0024.png
96.000 96.000 1
25 0.4619397850 -0.1913417292 0.8001031332 -0.3314135693 -0.0000000596 0.0000000000 -2.7999997139 1 0025.png
96.000 96.000 1
26 0.5299155183 -0.2194981758 0.7567978266 -0.3134759065 0.0000000000 -0.0000000149 -2.8000001907 1 0026.png
96.000 96.000 1
27 0.5938583257 -0.2459841721 0.7077327779 -0.2931525048 0.0000000298 0.0000000671 -2.7999999523 1 0027.png
96.000 96.000 1
28 0.6532814737 -0.2705980437 0.6532814965 -0.2705980437 0.0000000000 -0.0000000000 -2.7999999523 1 0028.png
96.000 96.000 1
29 0.7077327863 -0.2931525010 0.5938583217 -0.2459841623 -0.0000000298 0.0000000671 -2.7999999523 1 0029.png
96.000 96.000 1
30 0.7567977988 -0.3134759023 0.5299155519 -0.2194981964 0.0000000000 -0.0000000149 -2.8000001907 1 0030.png
96.000 96.000 1
31 0.8001031553 -0.3314135540 0.4619397614 -0.1913417202 0.0000000596 0.0000000000 -2.7999997139 1 0031.png
96.000 96.000 1
32 0.8373192182 -0.3468289588 0.3904483705 -0.1617290019 0.0000000596 0.0000000000 -2.8000001907 1 0032.png
96.000 96.000 1
33 0.8681627762 -0.3596047901 0.3159854240 -0.1308854491 -0.0000000596 0.0000000000 -2.7999999523 1 0033.png
96.000 96.000 1
34 0.8923991010 -0.3696438072 0.2391176210 -0.0990457655 -0.0000000596 0.0000000000 -2.7999999523 1 0034.png
96.000 96.000 1
35 0.9098437278 -0.3768696093 0.1604299945 -0.0664522800 0.0000000000 0.0000000000 -2.8000001907 1 0035.png
96.000 96.000 1
36 0.9203639032 -0.3812271823 0.0805213954 -0.0333530532 0.0000000298 0.0000001192 -2.8000001907 1 0036.png
96.000 96.000 1
37 0.9659258317 -0.2588190250 0.0000000000 0.0000000000 0.0000000000 0.0000000000 -2.8000001907 1 0037.png
96.000 96.000 1
38 0.9622501883 -0.2578341558 -0.0841859818 0.0225575655 0.0000000298 0.0000000000 -2.7999997139 1 0038.png
96.000 96.000 1
39 0.9512512472 -0.2548869896 -0.1677312535 0.0449434509 0.0000000000 0.0000000000 -2.8000001907 1 0039.png
96.000 96.000 1
40 0.9330126980 -0.2499999985 -0.2500000145 0.0669873041 0.0000000000 0.0000000000 -2.7999999523 1 0040.png
96.000 96.000 1
41 0.9076733854 -0.2432103393 -0.3303660570 0.0885213227 0.0000000000 -0.0000000596 -2.7999999523 1 0041.png
96.000 96.000 1
42 0.8754260949 -0.2345697165 -0.4082178997 0.1093816567 0.0000000000 -0.0000000596 -2.7999999523 1 0042.png
96.000 96.000 1
43 0.8365163036 -0.2241438627 -0.4829629148 0.1294095261 0.0000000000 0.0000000000 -2.7999999523 1 0043.png
96.000 96.000 1
44 0.7912401174 -0.2120121478 -0.5540322918 0.1484525022 0.0000000000 0.0000000447 -2.8000001907 1 0044.png
96.000 96.000 1
45 0.7399421090 -0.1982668840 -0.6208851618 0.1663656635 -0.0000000298 -0.0000000596 -2.7999999523 1 0045.png
96.000 96.000 1
46 0.6830126941 -0.1830126904 -0.6830127159 0.1830126904 0.0000000000 -0.0000000000 -2.8000001907 1 0046.png
96.000 96.000 1
47 0.6208851427 -0.1663656662 -0.7399421259 0.1982668782 0.0000000298 -0.0000000596 -2.7999999523 1 0047.png
96.000 96.000 1
48 0.5540322997 -0.1484525005 -0.7912401130 0.2120121451 0.0000000000 0.0000000447 -2.8000001907 1 0048.png
96.000 96.000 1
49 -0.4829629017 0.1294095206 0.8365163126 -0.2241438606 0.0000000000 0.0000000000 -2.7999999523 1 0049.png
96.000 96.000 1
50 -0.4082178747 0.1093816527 0.8754261083 -0.2345697120 0.0000000000 -0.0000000596 -2.7999999523 1 0050.png
96.000 96.000 1
51 -0.3303660539 0.0885213264 0.9076733828 -0.2432103519 0.0000000000 -0.0000000596 -2.7999999523 1 0051.png
96.000 96.000 1
52 -0.2500000227 0.0669873040 0.9330126973 -0.2499999929 0.0000000000 0.0000000000 -2.7999999523 1 0052.png
96.000 96.000 1
53 -0.1677312748 0.0449434568 0.9512512346 -0.2548870216 0.0000000000 0.0000000000 -2.8000001907 1 0053.png
96.000 96.000 1
54 -0.0841859819 0.0225575645 0.9622501921 -0.2578341416 -0.0000000298 0.0000000000 -2.7999997139 1 0054.png
96.000 96.000 1
55 -0.0000000000 0.0000000000 0.9659258257 -0.2588190471 0.0000000000 0.0000000000 -2.8000001907 1 0055.png
96.000 96.000 1
56 0.0841859819 -0.0225575645 0.9622501921 -0.2578341416 0.0000000298 0.0000000000 -2.7999997139 1 0056.png
96.000 96.000 1
57 0.1677312748 -0.0449434568 0.9512512346 -0.2548870216 0.0000000000 0.0000000000 -2.8000001907 1 0057.png
96.000 96.000 1
58 0.2500000227 -0.0669873040 0.9330126973 -0.2499999929 0.0000000000 0.0000000000 -2.7999999523 1 0058.png
96.000 96.000 1
59 0.3303660539 -0.0885213264 0.9076733828 -0.2432103519 0.0000000000 -0.0000000596 -2.7999999523 1 0059.png
96.000 96.000 1
60 0.4082178747 -0.1093816527 0.8754261083 -0.2345697120 0.0000000000 -0.0000000596 -2.7999999523 1 0060.png
96.000 96.000 1
61 0.4829629017 -0.1294095206 0.8365163126 -0.2241438606 0.0000000000 0.0000000000 -2.7999999523 1 0061.png
96.000 96.000 1
62 0.5540322997 -0.1484525005 0.7912401130 -0.2120121451 0.0000000000 0.0000000447 -2.8000001907 1 0062.png
96.000 96.000 1
63 0.6208851427 -0.1663656662 0.7399421259 -0.1982668782 -0.0000000298 -0.0000000596 -2.7999999523 1 0063.png
96.000 96.000 1
64 0.6830126941 -0.1830126904 0.6830127159 -0.1830126904 0.0000000000 -0.0000000000 -2.8000001907 1 0064.png
96.000 96.000 1
65 0.7399421090 -0.1982668840 0.6208851618 -0.1663656635 0.0000000298 -0.0000000596 -2.7999999523 1 0065.png
96.000 96.000 1
66 0.7912401174 -0.2120121478 0.5540322918 -0.1484525022 0.0000000000 0.0000000447 -2.8000001907 1 0066.png
96.000 96.000 1
67 0.8365163036 -0.2241438627 0.4829629148 -0.1294095261 0.0000000000 0.0000000000 -2.7999999523 1 0067.png
96.000 96.000 1
68 0.8754260949 -0.2345697165 0.4082178997 -0.1093816567 0.0000000000 -0.0000000596 -2.7999999523 1 0068.png
96.000 96.000 1
69 0.9076733854 -0.2432103393 0.3303660570 -0.0885213227 0.0000000000 -0.0000000596 -2.7999999523 1 0069.png
96.000 96.000 1
70 0.9330126980 -0.2499999985 0.2500000145 -0.0669873041 0.0000000000 0.0000000000 -2.7999999523 1 0070.png
96.000 96.000 1
71 0.9512512472 -0.2548869896 0.1677312535 -0.0449434509 0.0000000000 0.0000000000 -2.8000001907 1 0071.png
96.000 96.000 1
72 0.9622501883 -0.2578341558 0.0841859818 -0.0225575655 -0.0000000298 0.0000000000 -2.7999997139 1 0072.png
96.000 96.000 1
73 0.9914448614 -0.1305261924 0.0000000000 0.0000000000 0.0000000000 0.0000000000 -2.7999997139 1 0073.png
96.000 96.000 1
74 0.9876721131 -0.1300295072 -0.0864101175 0.0113761079 0.0000000000 -0.0000000596 -2.7999999523 1 0074.png
96.000 96.000 1
75 0.9763825916 -0.1285431842 -0.1721625795 0.0226656312 0.0000000000 0.0000000596 -2.7999999523 1 0075.png
96.000 96.000 1
76 0.9576622025 -0.1260786113 -0.2566047962 0.0337826624 0.0000000000 0.0000000000 -2.7999999523 1 0076.png
96.000 96.000 1
77 0.9316534239 -0.1226545083 -0.3390941004 0.0446425852 -0.0000001192 -0.0000000298 -2.8000001907 1 0077.png
96.000 96.000 1
78 0.8985541801 -0.1182969062 -0.4190027419 0.0551627573 0.0000001192 -0.0000000298 -2.8000001907 1 0078.png
96.000 96.000 1
79 0.8586164244 -0.1130389946 -0.4957224523 0.0652630971 0.0000000000 0.0000000149 -2.7999999523 1 0079.png
96.000 96.000 1
80 0.8121440939 -0.1069207793 -0.5686694024 0.0748667382 0.0000000000 0.0000000745 -2.7999999523 1 0080.png
96.000 96.000 1
81 0.7594908363 -0.0999888607 -0.6372884614 0.0839006216 0.0000000000 -0.0000000298 -2.7999997139 1 0081.png
96.000 96.000 1
82 0.7010573846 -0.0922959558 -0.7010573846 0.0922959558 0.0000000000 -0.0000000000 -2.7999997139 1 0082.png
96.000 96.000 1
83 0.6372884763 -0.0839006194 -0.7594908230 0.0999888685 0.0000000000 -0.0000000298 -2.7999997139 1 0083.png
96.000 96.000 1
84 0.5686694118 -0.0748667462 -0.8121440858 0.1069207846 0.0000000000 0.0000000745 -2.7999999523 1 0084.png
96.000 96.000 1
85 -0.4957224251 0.0652630976 0.8586164406 -0.1130389903 0.0000000000 0.0000000149 -2.7999999523 1 0085.png
96.000 96.000 1
86 -0.4190027319 0.0551627564 0.8985541851 -0.1182969036 -0.0000001192 -0.0000000298 -2.8000001907 1 0086.png
96.000 96.000 1
87 -0.3390940972 0.0446425819 0.9316534259 -0.1226545032 0.0000001192 -0.0000000298 -2.8000001907 1 0087.png
96.000 96.000 1
88 -0.2566047853 0.0337826640 0.9576622045 -0.1260786179 0.0000000000 0.0000000000 -2.7999999523 1 0088.png
96.000 96.000 1
89 -0.1721625840 0.0226656319 0.9763825903 -0.1285431880 0.0000000000 0.0000000596 -2.7999999523 1 0089.png
96.000 96.000 1
90 -0.0864101170 0.0113761076 0.9876721148 -0.1300294949 0.0000000000 -0.0000000596 -2.7999999523 1 0090.png
96.000 96.000 1
91 -0.0000000000 0.0000000000 0.9914448598 -0.1305262044 0.0000000000 0.0000000000 -2.7999997139 1 0091.png
96.000 96.000 1
92 0.0864101170 -0.0113761076 0.9876721148 -0.1300294949 0.0000000000 -0.0000000596 -2.7999999523 1 0092.png
96.000 96.000 1
93 0.1721625840 -0.0226656319 0.9763825903 -0.1285431880 0.0000000000 0.0000000596 -2.7999999523 1 0093.png
96.000 96.000 1
94 0.2566047853 -0.0337826640 0.9576622045 -0.1260786179 0.0000000000 0.0000000000 -2.7999999523 1 0094.png
96.000 96.000 1
95 0.3390940972 -0.0446425819 0.9316534259 -0.1226545032 -0.0000001192 -0.0000000298 -2.8000001907 1 0095.png
96.000 96.000 1
96 0.4190027319 -0.0551627564 0.8985541851 -0.1182969036 0.0000001192 -0.0000000298 -2.8000001907 1 0096.png
96.000 96.000 1
97 0.4957224251 -0.0652630976 0.8586164406 -0.1130389903 0.0000000000 0.0000000149 -2.7999999523 1 0097.png
96.000 96.000 1
98 0.5686694118 -0.0748667462 0.8121440858 -0.1069207846 0.0000000000 0.0000000745 -2.7999999523 1 0098.png
96.000 96.000 1
99 0.6372884763 -0.0839006194 0.7594908230 -0.0999888685 0.0000000000 -0.0000000298 -2.7999997139 1 0099.png
96.000 96.000 1
100 0.7010573846 -0.0922959558 0.7010573846 -0.0922959558 0.0000000000 -0.0000000000 -2.7999997139 1 0100.png
96.000 96.000 1
101 0.7594908363 -0.0999888607 0.6372884614 -0.0839006216 0.0000000000 -0.0000000298 -2.7999997139 1 0101.png
96.000 96.000 1
102 0.8121440939 -0.1069207793 0.5686694024 -0.0748667382 0.0000000000 0.0000000745 -2.7999999523 1 0102.png
96.000 96.000 1
103 0.8586164244 -0.1130389946 0.4957224523 -0.0652630971 0.0000000000 0.0000000149 -2.7999999523 1 0103.png
96.000 96.000 1
104 0.8985541801 -0.1182969062 0.4190027419 -0.0551627573 -0.0000001192 -0.0000000298 -2.8000001907 1 0104.png
96.000 96.000 1
105 0.9316534239 -0.1226545083 0.3390941004 -0.0446425852 0.0000001192 -0.0000000298 -2.8000001907 1 0105.png
96.000 96.000 1
106 0.9576622025 -0.1260786113 0.2566047962 -0.0337826624 0.0000000000 0.0000000000 -2.7999999523 1 0106.png
96.000 96.000 1
107 0.9763825916 -0.1285431842 0.1721625795 -0.0226656312 0.0000000000 0.0000000596 -2.7999999523 1 0107.png
96.000 96.000 1
108 0.9876721131 -0.1300295072 0.0864101175 -0.0113761079 0.0000000000 -0.0000000596 -2.7999999523 1 0108.png
96.000 96.000 1
109 1.0000000000 -0.0000000000 0.0000000000 0.0000000000 0.0000000000 0.0000000000 -2.7999999523 1 0109.png
96.000 96.000 1
110 0.9961946980 -0.0000000000 -0.0871557442 0.0000000000 0.0000000000 0.0000000000 -2.7999999523 1 0110.png
96.000 96.000 1
111 0.9848077520 -0.0000000000 -0.1736481833 0.0000000000 0.0000000000 0.0000000000 -2.7999999523 1 0111.png
96.000 96.000 1
112 0.9659258317 -0.0000000000 -0.2588190250 0.0000000000 0.0000000000 0.0000000000 -2.8000001907 1 0112.png
96.000 96.000 1
113 0.9396926124 -0.0000000000 -0.3420201665 0.0000000000 0.0000001192 0.0000000000 -2.7999999523 1 0113.png
96.000 96.000 1
114 0.9063077965 -0.0000000000 -0.4226182414 0.0000000000 -0.0000001192 0.0000000000 -2.7999999523 1 0114.png
96.000 96.000 1
115 0.8660254077 -0.0000000000 -0.4999999933 0.0000000000 0.0000000000 0.0000000000 -2.8000001907 1 0115.png
96.000 96.000 1
116 0.8191520477 -0.0000000000 -0.5735764315 0.0000000000 0.0000000000 0.0000000000 -2.7999999523 1 0116.png
96.000 96.000 1
117 0.7660444348 -0.0000000000 -0.6427876196 0.0000000000 0.0000000000 0.0000000000 -2.7999999523 1 0117.png
96.000 96.000 1
118 0.7071067812 -0.0000000000 -0.7071067812 0.0000000000 0.0000000000 0.0000000000 -2.7999999523 1 0118.png
96.000 96.000 1
119 0.6427876182 -0.0000000000 -0.7660444360 0.0000000000 0.0000000000 0.0000000000 -2.7999999523 1 0119.png
96.000 96.000 1
120 0.5735764319 -0.0000000000 -0.8191520474 0.0000000000 0.0000000000 0.0000000000 -2.7999999523 1 0120.png
96.000 96.000 1
121 0.5000000179 -0.0000000000 -0.8660253934 0.0000000000 0.0000000000 0.0000000000 -2.8000001907 1 0121.png
96.000 96.000 1
122 -0.4226182327 0.0000000000 0.9063078006 0.0000000000 0.0000001192 0.0000000000 -2.7999999523 1 0122.png
96.000 96.000 1
123 -0.3420201541 0.0000000000 0.9396926168 0.0000000000 -0.0000001192 0.0000000000 -2.7999999523 1 0123.png
96.000 96.000 1
124 -0.2588190471 0.0000000000 0.9659258257 0.0000000000 0.0000000000 0.0000000000 -2.8000001907 1 0124.png
96.000 96.000 1
125 -0.1736481970 0.0000000000 0.9848077496 0.0000000000 0.0000000000 0.0000000000 -2.7999999523 1 0125.png
96.000 96.000 1
126 -0.0871557425 0.0000000000 0.9961946981 0.0000000000 0.0000000000 0.0000000000 -2.7999999523 1 0126.png
96.000 96.000 1
127 -0.0000000000 0.0000000000 1.0000000000 0.0000000000 0.0000000000 0.0000000000 -2.7999999523 1 0127.png
96.000 96.000 1
128 0.0871557425 0.0000000000 0.9961946981 -0.0000000000 0.0000000000 0.0000000000 -2.7999999523 1 0128.png
96.000 96.000 1
129 0.1736481970 0.0000000000 0.9848077496 -0.0000000000 0.0000000000 0.0000000000 -2.7999999523 1 0129.png
96.000 96.000 1
130 0.2588190471 0.0000000000 0.9659258257 -0.0000000000 0.0000000000 0.0000000000 -2.8000001907 1 0130.png
96.000 96.000 1
131 0.3420201541 0.0000000000 0.9396926168 -0.0000000000 0.0000001192 0.0000000000 -2.7999999523 1 0131.png
96.000 96.000 1
132 0.4226182327 0.0000000000 0.9063078006 -0.0000000000 -0.0000001192 0.0000000000 -2.7999999523 1 0132.png
96.000 96.000 1
133 0.5000000179 0.0000000000 0.8660253934 0.0000000000 0.0000000000 0.0000000000 -2.8000001907 1 0133.png
96.000 96.000 1
134 0.5735764319 0.0000000000 0.8191520474 0.0000000000 0.0000000000 0.0000000000 -2.7999999523 1 0134.png
96.000 96.000 1
135 0.6427876182 0.0000000000 0.7660444360 0.0000000000 0.0000000000 0.0000000000 -2.7999999523 1 0135.png
96.000 96.000 1
136 0.7071067812 0.0000000000 0.7071067812 0.0000000000 0.0000000000 0.0000000000 -2.7999999523 1 0136.png
96.000 96.000 1
137 0.7660444348 -0.0000000000 0.6427876196 0.0000000000 0.0000000000 0.0000000000 -2.7999999523 1 0137.png
96.000 96.000 1
138 0.8191520477 -0.0000000000 0.5735764315 0.0000000000 0.0000000000 0.0000000000 -2.7999999523 1 0138.png
96.000 96.000 1
139 0.8660254077 -0.0000000000 0.4999999933 0.0000000000 0.0000000000 0.0000000000 -2.8000001907 1 0139.png
96.000 96.000 1
140 0.9063077965 -0.0000000000 0.4226182414 0.0000000000 0.0000001192 0.0000000000 -2.7999999523 1 0140.png
96.000 96.000 1
141 0.9396926124 -0.0000000000 0.3420201665 0.0000000000 -0.0000001192 0.0000000000 -2.7999999523 1 0141.png
96.000 96.000 1
142 0.9659258317 -0.0000000000 0.2588190250 0.0000000000 0.0000000000 0.0000000000 -2.8000001907 1 0142.png
96.000 96.000 1
143 0.9848077520 -0.0000000000 0.1736481833 0.0000000000 0.0000000000 0.0000000000 -2.7999999523 1 0143.png
96.000 96.000 1
144 0.9961946980 -0.0000000000 0.0871557442 0.0000000000 0.0000000000 0.0000000000 -2.7999999523 1 0144.png
96.000 96.000 1
145 0.9914448614 0.1305261924 0.0000000000 0.0000000000 0.0000000000 0.0000000000 -2.7999997139 1 0145.png
96.000 96.000 1
146 0.9876721131 0.1300295072 -0.0864101175 -0.0113761079 0.0000000000 0.0000000596 -2.7999999523 1 0146.png
96.000 96.000 1
147 0.9763825916 0.1285431842 -0.1721625795 -0.0226656312 0.0000000000 -0.0000000596 -2.7999999523 1 0147.png
96.000 96.000 1
148 0.9576622025 0.1260786113 -0.2566047962 -0.0337826624 0.0000000000 0.0000000000 -2.7999999523 1 0148.png
96.000 96.000 1
149 0.9316534239 0.1226545083 -0.3390941004 -0.0446425852 -0.0000001192 0.0000000298 -2.8000001907 1 0149.png
96.000 96.000 1
150 0.8985541801 0.1182969062 -0.4190027419 -0.0551627573 0.0000001192 0.0000000298 -2.8000001907 1 0150.png
96.000 96.000 1
151 0.8586164244 0.1130389946 -0.4957224523 -0.0652630971 0.0000000000 -0.0000000149 -2.7999999523 1 0151.png
96.000 96.000 1
152 0.8121440939 0.1069207793 -0.5686694024 -0.0748667382 0.0000000000 -0.0000000745 -2.7999999523 1 0152.png
96.000 96.000 1
153 0.7594908363 0.0999888607 -0.6372884614 -0.0839006216 0.0000000000 0.0000000298 -2.7999997139 1 0153.png
96.000 96.000 1
154 0.7010573846 0.0922959558 -0.7010573846 -0.0922959558 0.0000000000 0.0000000000 -2.7999997139 1 0154.png
96.000 96.000 1
155 0.6372884763 0.0839006194 -0.7594908230 -0.0999888685 0.0000000000 0.0000000298 -2.7999997139 1 0155.png
96.000 96.000 1
156 0.5686694118 0.0748667462 -0.8121440858 -0.1069207846 0.0000000000 -0.0000000745 -2.7999999523 1 0156.png
96.000 96.000 1
157 -0.4957224251 -0.0652630976 0.8586164406 0.1130389903 0.0000000000 -0.0000000149 -2.7999999523 1 0157.png
96.000 96.000 1
158 -0.4190027319 -0.0551627564 0.8985541851 0.1182969036 -0.0000001192 0.0000000298 -2.8000001907 1 0158.png
96.000 96.000 1
159 -0.3390940972 -0.0446425819 0.9316534259 0.1226545032 0.0000001192 0.0000000298 -2.8000001907 1 0159.png
96.000 96.000 1
160 -0.2566047853 -0.0337826640 0.9576622045 0.1260786179 0.0000000000 0.0000000000 -2.7999999523 1 0160.png
96.000 96.000 1
161 -0.1721625840 -0.0226656319 0.9763825903 0.1285431880 0.0000000000 -0.0000000596 -2.7999999523 1 0161.png
96.000 96.000 1
162 -0.0864101170 -0.0113761076 0.9876721148 0.1300294949 0.0000000000 0.0000000596 -2.7999999523 1 0162.png
96.000 96.000 1
163 -0.0000000000 -0.0000000000 0.9914448598 0.1305262044 0.0000000000 0.0000000000 -2.7999997139 1 0163.png
96.000 96.000 1
164 0.0864101170 0.0113761076 0.9876721148 0.1300294949 0.0000000000 0.0000000596 -2.7999999523 1 0164.png
96.000 96.000 1
165 0.1721625840 0.0226656319 0.9763825903 0.1285431880 0.0000000000 -0.0000000596 -2.7999999523 1 0165.png
96.000 96.000 1
166 0.2566047853 0.0337826640 0.9576622045 0.1260786179 0.0000000000 0.0000000000 -2.7999999523 1 0166.png
96.000 96.000 1
167 0.3390940972 0.0446425819 0.9316534259 0.1226545032 -0.0000001192 0.0000000298 -2.8000001907 1 0167.png
96.000 96.000 1
168 0.4190027319 0.0551627564 0.8985541851 0.1182969036 0.0000001192 0.0000000298 -2.8000001907 1 0168.png
96.000 96.000 1
169 0.4957224251 0.0652630976 0.8586164406 0.1130389903 0.0000000000 -0.0000000149 -2.7999999523 1 0169.png
96.000 96.000 1
170 0.5686694118 0.0748667462 0.8121440858 0.1069207846 0.0000000000 -0.0000000745 -2.7999999523 1 0170.png
96.000 96.000 1
171 0.6372884763 0.0839006194 0.7594908230 0.0999888685 0.0000000000 0.0000000298 -2.7999997139 1 0171.png
96.000 96.000 1
172 0.7010573846 0.0922959558 0.7010573846 0.0922959558 0.0000000000 0.0000000000 -2.7999997139 1 0172.png
96.000 96.000 1
173 0.7594908363 0.0999888607 0.6372884614 0.0839006216 0.0000000000 0.0000000298 -2.7999997139 1 0173.png
96.000 96.000 1
174 0.8121440939 0.1069207793 0.5686694024 0.0748667382 0.0000000000 -0.0000000745 -2.7999999523 1 0174.png
96.000 96.000 1
175 0.8586164244 0.1130389946 0.4957224523 0.0652630971 0.0000000000 -0.0000000149 -2.7999999523 1 0175.png
96.000 96.000 1
176 0.8985541801 0.1182969062 0.4190027419 0.0551627573 -0.0000001192 0.0000000298 -2.8000001907 1 0176.png
96.000 96.000 1
177 0.9316534239 0.1226545083 0.3390941004 0.0446425852 0.0000001192 0.0000000298 -2.8000001907 1 0177.png
96.000 96.000 1
178 0.9576622025 0.1260786113 0.2566047962 0.0337826624 0.0000000000 0.0000000000 -2.7999999523 1 0178.png
96.000 96.000 1
179 0.9763825916 0.1285431842 0.1721625795 0.0226656312 0.0000000000 -0.0000000596 -2.7999999523 1 0179.png
96.000 96.000 1
180 0.9876721131 0.1300295072 0.0864101175 0.0113761079 0.0000000000 0.0000000596 -2.7999999523 1 0180.png
96.000 96.000 1
181 0.9659258317 0.2588190250 0.0000000000 0.0000000000 0.0000000000 0.0000000000 -2.8000001907 1 0181.png
96.000 96.000 1
182 0.9622501883 0.2578341558 -0.0841859818 -0.0225575655 0.0000000298 0.0000000000 -2.7999997139 1 0182.png
96.000 96.000 1
183 0.9512512472 0.2548869896 -0.1677312535 -0.0449434509 0.0000000000 0.0000000000 -2.8000001907 1 0183.png
96.000 96.000 1
184 0.9330126980 0.2499999985 -0.2500000145 -0.0669873041 0.0000000000 0.0000000000 -2.7999999523 1 0184.png
96.000 96.000 1
185 0.9076733854 0.2432103393 -0.3303660570 -0.0885213227 0.0000000000 0.0000000596 -2.7999999523 1 0185.png
96.000 96.000 1
186 0.8754260949 0.2345697165 -0.4082178997 -0.1093816567 0.0000000000 0.0000000596 -2.7999999523 1 0186.png
96.000 96.000 1
187 0.8365163036 0.2241438627 -0.4829629148 -0.1294095261 0.0000000000 0.0000000000 -2.7999999523 1 0187.png
96.000 96.000 1
188 0.7912401174 0.2120121478 -0.5540322918 -0.1484525022 0.0000000000 -0.0000000447 -2.8000001907 1 0188.png
96.000 96.000 1
189 0.7399421090 0.1982668840 -0.6208851618 -0.1663656635 -0.0000000298 0.0000000596 -2.7999999523 1 0189.png
96.000 96.000 1
190 0.6830126941 0.1830126904 -0.6830127159 -0.1830126904 0.0000000000 0.0000000000 -2.8000001907 1 0190.png
96.000 96.000 1
191 0.6208851427 0.1663656662 -0.7399421259 -0.1982668782 0.0000000298 0.0000000596 -2.7999999523 1 0191.png
96.000 96.000 1
192 0.5540322997 0.1484525005 -0.7912401130 -0.2120121451 0.0000000000 -0.0000000447 -2.8000001907 1 0192.png
96.000 96.000 1
193 -0.4829629017 -0.1294095206 0.8365163126 0.2241438606 0.0000000000 0.0000000000 -2.7999999523 1 0193.png
96.000 96.000 1
194 -0.4082178747 -0.1093816527 0.8754261083 0.2345697120 0.0000000000 0.0000000596 -2.7999999523 1 0194.png
96.000 96.000 1
195 -0.3303660539 -0.0885213264 0.9076733828 0.2432103519 0.0000000000 0.0000000596 -2.7999999523 1 0195.png
96.000 96.000 1
196 -0.2500000227 -0.0669873040 0.9330126973 0.2499999929 0.0000000000 0.0000000000 -2.7999999523 1 0196.png
96.000 96.000 1
197 -0.1677312748 -0.0449434568 0.9512512346 0.2548870216 0.0000000000 0.0000000000 -2.8000001907 1 0197.png
96.000 96.000 1
198 -0.0841859819 -0.0225575645 0.9622501921 0.2578341416 -0.0000000298 0.0000000000 -2.7999997139 1 0198.png
96.000 96.000 1
199 -0.0000000000 -0.0000000000 0.9659258257 0.2588190471 0.0000000000 0.0000000000 -2.8000001907 1 0199.png
96.000 96.000 1
200 0.0841859819 0.0225575645 0.9622501921 0.2578341416 0.0000000298 0.0000000000 -2.7999997139 1 0200.png
96.000 96.000 1
201 0.1677312748 0.0449434568 0.9512512346 0.2548870216 0.0000000000 0.0000000000 -2.8000001907 1 0201.png
96.000 96.000 1
202 0.2500000227 0.0669873040 0.9330126973 0.2499999929 0.0000000000 0.0000000000 -2.7999999523 1 0202.png
96.000 96.000 1
203 0.3303660539 0.0885213264 0.9076733828 0.2432103519 0.0000000000 0.0000000596 -2.7999999523 1 0203.png
96.000 96.000 1
204 0.4082178747 0.1093816527 0.8754261083 0.2345697120 0.0000000000 0.0000000596 -2.7999999523 1 0204.png
96.000 96.000 1
205 0.4829629017 0.1294095206 0.8365163126 0.2241438606 0.0000000000 0.0000000000 -2.7999999523 1 0205.png
96.000 96.000 1
206 0.5540322997 0.1484525005 0.7912401130 0.2120121451 0.0000000000 -0.0000000447 -2.8000001907 1 0206.png
96.000 96.000 1
207 0.6208851427 0.1663656662 0.7399421259 0.1982668782 -0.0000000298 0.0000000596 -2.7999999523 1 0207.png
96.000 96.000 1
208 0.6830126941 0.1830126904 0.6830127159 0.1830126904 0.0000000000 0.0000000000 -2.8000001907 1 0208.png
96.000 96.000 1
209 0.7399421090 0.1982668840 0.6208851618 0.1663656635 0.0000000298 0.0000000596 -2.7999999523 1 0209.png
96.000 96.000 1
210 0.7912401174 0.2120121478 0.5540322918 0.1484525022 0.0000000000 -0.0000000447 -2.8000001907 1 0210.png
96.000 96.000 1
211 0.8365163036 0.2241438627 0.4829629148 0.1294095261 0.0000000000 0.0000000000 -2.7999999523 1 0211.png
96.000 96.000 1
212 0.8754260949 0.2345697165 0.4082178997 0.1093816567 0.0000000000 0.0000000596 -2.7999999523 1 0212.png
96.000 96.000 1
213 0.9076733854 0.2432103393 0.3303660570 0.0885213227 0.0000000000 0.0000000596 -2.7999999523 1 0213.png
96.000 96.000 1
214 0.9330126980 0.2499999985 0.2500000145 0.0669873041 0.0000000000 0.0000000000 -2.7999999523 1 0214.png
96.000 96.000 1
215 0.9512512472 0.2548869896 0.1677312535 0.0449434509 0.0000000000 0.0000000000 -2.8000001907 1 0215.png
96.000 96.000 1
216 0.9622501883 0.2578341558 0.0841859818 0.0225575655 -0.0000000298 0.0000000000 -2.7999997139 1 0216.png
96.000 96.000 1
217 0.9238795386 0.3826834177 0.0000000000 0.0000000000 0.0000000000 0.0000000000 -2.7999999523 1 0217.png
96.000 96.000 1
218 0.9203639032 0.3812271823 -0.0805213954 -0.0333530532 -0.0000000298 -0.0000001192 -2.8000001907 1 0218.png
96.000 96.000 1
219 0.9098437278 0.3768696093 -0.1604299945 -0.0664522800 0.0000000000 0.0000000000 -2.8000001907 1 0219.png
96.000 96.000 1
220 0.8923991010 0.3696438072 -0.2391176210 -0.0990457655 0.0000000596 0.0000000000 -2.7999999523 1 0220.png
96.000 96.000 1
221 0.8681627762 0.3596047901 -0.3159854240 -0.1308854491 0.0000000596 0.0000000000 -2.7999999523 1 0221.png
96.000 96.000 1
222 0.8373192182 0.3468289588 -0.3904483705 -0.1617290019 -0.0000000596 0.0000000000 -2.8000001907 1 0222.png
96.000 96.000 1
223 0.8001031553 0.3314135540 -0.4619397614 -0.1913417202 -0.0000000596 0.0000000000 -2.7999997139 1 0223.png
96.000 96.000 1
224 0.7567977988 0.3134759023 -0.5299155519 -0.2194981964 0.0000000000 0.0000000149 -2.8000001907 1 0224.png
96.000 96.000 1
225 0.7077327863 0.2931525010 -0.5938583217 -0.2459841623 0.0000000298 -0.0000000671 -2.7999999523 1 0225.png
96.000 96.000 1
226 0.6532814737 0.2705980437 -0.6532814965 -0.2705980437 -0.0000000000 0.0000000000 -2.7999999523 1 0226.png
96.000 96.000 1
227 0.5938583257 0.2459841721 -0.7077327779 -0.2931525048 -0.0000000298 -0.0000000671 -2.7999999523 1 0227.png
96.000 96.000 1
228 0.5299155183 0.2194981758 -0.7567978266 -0.3134759065 0.0000000000 0.0000000149 -2.8000001907 1 0228.png
96.000 96.000 1
229 -0.4619397850 -0.1913417292 0.8001031332 0.3314135693 0.0000000596 0.0000000000 -2.7999997139 1 0229.png
96.000 96.000 1
230 -0.3904483545 -0.1617289901 0.8373192395 0.3468289312 0.0000000596 0.0000000000 -2.8000001907 1 0230.png
96.000 96.000 1
231 -0.3159854210 -0.1308854560 0.8681627776 0.3596047868 -0.0000000596 0.0000000000 -2.7999999523 1 0231.png
96.000 96.000 1
232 -0.2391176157 -0.0990457582 0.8923991074 0.3696437971 -0.0000000596 0.0000000000 -2.7999999523 1 0232.png
96.000 96.000 1
233 -0.1604299963 -0.0664522785 0.9098437264 0.3768696121 0.0000000000 0.0000000000 -2.8000001907 1 0233.png
96.000 96.000 1
234 -0.0805213969 -0.0333530529 0.9203638984 0.3812271934 0.0000000298 -0.0000001192 -2.8000001907 1 0234.png
96.000 96.000 1
235 -0.0000000000 -0.0000000000 0.9238795393 0.3826834160 -0.0000000000 0.0000000000 -2.7999999523 1 0235.png
96.000 96.000 1
236 0.0805213969 0.0333530529 0.9203638984 0.3812271934 -0.0000000298 -0.0000001192 -2.8000001907 1 0236.png
96.000 96.000 1
237 0.1604299963 0.0664522785 0.9098437264 0.3768696121 0.0000000000 0.0000000000 -2.8000001907 1 0237.png
96.000 96.000 1
238 0.2391176157 0.0990457582 0.8923991074 0.3696437971 0.0000000596 0.0000000000 -2.7999999523 1 0238.png
96.000 96.000 1
239 0.3159854210 0.1308854560 0.8681627776 0.3596047868 0.0000000596 0.0000000000 -2.7999999523 1 0239.png
96.000 96.000 1
240 0.3904483545 0.1617289901 0.8373192395 0.3468289312 -0.0000000596 0.0000000000 -2.8000001907 1 0240.png
96.000 96.000 1
241 0.4619397850 0.1913417292 0.8001031332 0.3314135693 -0.0000000596 0.0000000000 -2.7999997139 1 0241.png
96.000 96.000 1
242 0.5299155183 0.2194981758 0.7567978266 0.3134759065 0.0000000000 0.0000000149 -2.8000001907 1 0242.png
96.000 96.000 1
243 0.5938583257 0.2459841721 0.7077327779 0.2931525048 0.0000000298 -0.0000000671 -2.7999999523 1 0243.png
96.000 96.000 1
244 0.6532814737 0.2705980437 0.6532814965 0.2705980437 0.0000000000 0.0000000000 -2.7999999523 1 0244.png
96.000 96.000 1
245 0.7077327863 0.2931525010 0.5938583217 0.2459841623 -0.0000000298 -0.0000000671 -2.7999999523 1 0245.png
96.000 96.000 1
246 0.7567977988 0.3134759023 0.5299155519 0.2194981964 0.0000000000 0.0000000149 -2.8000001907 1 0246.png
96.000 96.000 1
247 0.8001031553 0.3314135540 0.4619397614 0.1913417202 0.0000000596 0.0000000000 -2.7999997139 1 0247.png
96.000 96.000 1
248 0.8373192182 0.3468289588 0.3904483705 0.1617290019 0.0000000596 0.0000000000 -2.8000001907 1 0248.png
96.000 96.000 1
249 0.8681627762 0.3596047901 0.3159854240 0.1308854491 -0.0000000596 0.0000000000 -2.7999999523 1 0249.png
96.000 96.000 1
250 0.8923991010 0.3696438072 0.2391176210 0.0990457655 -0.0000000596 0.0000000000 -2.7999999523 1 0250.png
96.000 96.000 1
251 0.9098437278 0.3768696093 0.1604299945 0.0664522800 0.0000000000 0.0000000000 -2.8000001907 1 0251.png
96.000 96.000 1
252 0.9203639032 0.3812271823 0.0805213954 0.0333530532 0.0000000298 -0.0000001192 -2.8000001907 1 0252.png
96.000 96.000 1
